Time (hr),Time (month),Q (Rejection) (w) (before time),Q (Rejection) (W/m) (before time),Tb (C),GHE ExFT (C)
1,0.0013440860215053765,7.213630557254882,0.08039989729828306,13.09,0.0
2,0.002688172043010753,8.176927980970728,0.09113637920149929,13.45177330752663,12.378546093332458
3,0.004032258064516129,8.125770903358562,0.09056620531285152,13.224129697411795,12.007585327966968
4,0.005376344086021506,8.470357256331065,0.09440681056279962,13.023290676779919,11.814357338625959
5,0.006720430107526882,9.662413687482436,0.10769293796808223,12.911061210339055,11.650861114244728
6,0.008064516129032258,12.065831107374676,0.13448035273662773,12.862137145114525,11.424585659506612
7,0.009408602150537635,12.936466654660942,0.1441840668415386,12.852196644371213,11.057070292456551
8,0.010752688172043012,8.201541291897334,0.09141070814792414,12.706986635611171,10.782329147387799
9,0.012096774193548387,5.590117263978276,0.06230494483214107,12.304201884948137,11.083995604221855
10,0.013440860215053764,5.894164046012837,0.06569371417033057,12.232086715227625,11.400402041245483
11,0.01478494623655914,4.861370214974806,0.054182656418385315,12.35468427205683,11.477764223421424
12,0.016129032258064516,3.4772334358079497,0.038755687431198865,12.338034445144176,11.614771065965888
13,0.01747311827956989,2.0125001287049478,0.02243042561944473,12.321425040768432,11.804090319535476
14,0.01881720430107527,1.83779388252001,0.020483227999723148,12.327433339987135,12.028018241091724
15,0.020161290322580645,2.7576560516594895,0.030735599997483733,12.421620511169895,12.148197802154614
16,0.021505376344086023,3.8638072015376053,0.043064265589754076,12.539456207042534,12.129178539155633
17,0.0228494623655914,4.135036235670023,0.04608726299937709,12.608905109742219,12.034056840735827
18,0.024193548387096774,5.446298309936531,0.06070200314518795,12.596185477375661,11.980984382091279
19,0.025537634408602152,6.3569908142210005,0.0708521741629079,12.64203130556423,11.8317436818149
20,0.026881720430107527,7.433219899835397,0.0828473418203088,12.628874934686095,11.683096593522944
21,0.028225806451612902,7.199634753002497,0.08024390632874735,12.614973800038632,11.509076593039326
22,0.02956989247311828,7.1600604099440295,0.07980282841488776,12.518770536835351,11.44762558591887
23,0.030913978494623656,7.761397378856828,0.08650506110597365,12.468660879683737,11.40340370769038
24,0.03225806451612903,6.802443480598619,0.07581699019330299,12.462218985735657,11.307496294983622
25,0.033602150537634407,7.615647969056134,0.0848806034232225,12.360344336400647,11.348292581261367
26,0.03494623655913978,8.00415219054474,0.08921069757757576,12.396929549595612,11.263891117804349
27,0.036290322580645164,7.9332079414033405,0.08841998473199818,12.372562137957784,11.181722949665128
28,0.03763440860215054,8.173549683392565,0.09109872620885273,12.320689921810775,11.140405654270548
29,0.038978494623655914,10.279676916406569,0.11457267762450185,12.29880546073686,11.082763706565958
30,0.04032258064516129,114.48230048692729,1.2759684778094345,12.367091602224502,10.837705125852263
31,0.041666666666666664,66.17747125861116,0.737584472953266,17.482543242910182,0.45013224668071194
32,0.043010752688172046,27.014797890740564,0.30109484519761104,11.001105732335816,1.1553751314160803
33,0.04435483870967742,12.840426480653198,0.14311364605058666,8.49881048903013,4.479611549996687
34,0.0456989247311828,9.064937630087538,0.1010337372685924,8.735582549717716,6.825213695710216
35,0.04704301075268817,7.760432150977353,0.08649430310807464,9.478815019565006,8.130154635259855
36,0.04838709677419355,8.263387024325336,0.09210001299880088,10.019581630735306,8.86500254434725
37,0.04973118279569892,-1.7392398468434294,-0.019384788831839875,10.440609685755891,9.211202140479577
38,0.051075268817204304,-3.7734871335690063,-0.04205759854033802,10.174221148257148,10.432981216551191
39,0.05241935483870968,0.8272046174584496,0.00921965240116676,10.623349977714453,11.184760636607269
40,0.053763440860215055,2.3990738944346033,0.02673900377799994,11.282723515064063,11.159653931708338
41,0.05510752688172043,11.018076244204787,0.12280254601724776,11.482342802708343,11.125414156039499
42,0.056451612903225805,16.03967428717241,0.17877103008686945,11.974739485766412,10.335495670950534
43,0.05779569892473118,18.444056934944122,0.20556920285331393,11.971653355648936,9.58530783723432
44,0.05913978494623656,20.953166807638855,0.23353461839180154,11.804424937885138,9.060360948799794
45,0.06048387096774194,21.867237609501483,0.243722442402168,11.702815954234133,8.585452420986382
46,0.06182795698924731,0.0,0.0,11.500339768143204,8.246982902207707
47,0.06317204301075269,0.0,0.0,10.193126705131812,10.193126705131812
48,0.06451612903225806,0.0,0.0,10.873322682145323,10.873322682145323
49,0.06586021505376344,0.0,0.0,11.23805842447679,11.23805842447679
50,0.06720430107526881,0.0,0.0,11.467051447704584,11.467051447704584
51,0.06854838709677419,0.0,0.0,11.623667495786144,11.623667495786144
52,0.06989247311827956,0.0,0.0,11.742312378328892,11.742312378328892
53,0.07123655913978495,0.0,0.0,11.838599247343163,11.838599247343163
54,0.07258064516129033,72.63629361411677,0.8095716158945201,11.920428750508412,11.920428750508412
55,0.0739247311827957,43.67125279289737,0.4867402359419506,15.634467871435216,4.827808668952584
56,0.07526881720430108,17.082603010944926,0.19039504681675434,11.467293103354688,4.9699854573242925
57,0.07661290322580645,10.343381956451905,0.1152827054858368,9.674754232756172,7.133244199062664
58,0.07795698924731183,6.98583677769883,0.07786100979411568,9.948492628255877,8.40962826386105
59,0.0793010752688172,5.286553095883453,0.05892155449290109,10.297166430766882,9.257829846471664
60,0.08064516129032258,6.395117315460254,0.07127711507991896,10.589988246056286,9.803467144545419
61,0.08198924731182795,2.6944336255538905,0.0300309511350983,10.919826978378383,9.968376264838078
62,0.08333333333333333,2.453126655685192,0.02734145166034474,10.86705144502101,10.466179862974709
63,0.0846774193548387,2.352742956219813,0.026222619878847254,11.096292578782444,10.731322087730797
64,0.08602150537634409,2.316064296799771,0.025813815958684712,11.260968074292789,10.910932437094917
65,0.08736559139784947,12.05955712615809,0.13441042575028414,11.387393920555352,11.042815249188669
66,0.08870967741935484,17.23173071832378,0.19205715749215205,11.97746480471336,10.183271881164558
67,0.09005376344086022,18.721559950293127,0.20866212724928054,11.947725712931547,9.384028805003343
68,0.0913978494623656,20.58251930192053,0.22940354719858003,11.691989247296675,8.90663900356748
69,0.09274193548387097,21.194956391447292,0.23622949686550462,11.552050800896811,8.48983134341685
70,0.09408602150537634,0.0,0.0,11.352644743200328,8.199308316775934
71,0.09543010752688172,0.0,0.0,10.100311358358868,10.100311358358868
72,0.0967741935483871,0.0,0.0,10.766988214906412,10.766988214906412
73,0.09811827956989247,0.0,0.0,11.123400899620247,11.123400899620247
74,0.09946236559139784,0.0,0.0,11.346185632342916,11.346185632342916
75,0.10080645161290322,0.0,0.0,11.49962370701514,11.49962370701514
76,0.10215053763440861,0.0,0.0,11.618249399057795,11.618249399057795
77,0.10349462365591398,0.0,0.0,11.71436369624006,11.71436369624006
78,0.10483870967741936,64.16641897172542,0.7151701843306697,11.794939819530974,11.794939819530974
79,0.10618279569892473,38.988449735625395,0.4345478091348829,15.084303251384178,5.537772342813886
80,0.10752688172043011,14.215876208904781,0.15844379305668196,11.43319459439974,5.632583520211591
81,0.10887096774193548,7.393162942837193,0.08240088490749971,9.778643758478669,7.663638685801643
82,0.11021505376344086,4.490240095316747,0.050046206226214335,10.025001202009811,8.925063576115617
83,0.11155913978494623,2.5250361327060644,0.0281429225038213,10.399515291688125,9.731467790459613
84,0.11290322580645161,4.4554918916556545,0.04965891830184982,10.660724777403285,10.285055761235231
85,0.11424731182795698,0.6848291804873672,0.007632799509350616,11.021761634586067,10.358883890460785
86,0.11559139784946236,0.48357916761687236,0.005389756947406143,10.934921933867205,10.833034637624378
87,0.11693548387096774,0.4247002669689099,0.004733519075566274,11.157924732558989,11.085978946205703
88,0.11827956989247312,0.41746105787284893,0.004652834091323667,11.321481238588849,11.25829531843826
89,0.1196236559139785,10.315390347947137,0.1149707235467654,11.448423058699296,11.386314171278546
90,0.12096774193548387,15.425789355826439,0.17192894342309636,12.071748696616156,10.537048858776709
91,0.12231182795698925,16.63280681910967,0.18538181979581372,12.055823716796295,9.760810573872078
92,0.12365591397849462,18.34029493790058,0.20441271807916989,11.7953504969206,9.320760096841125
93,0.125,19.16218647727337,0.21357315329018053,11.661218500524411,8.93259198056677
94,0.12634408602150538,0.0,0.0,11.486718122236184,8.635812486350751
95,0.12768817204301075,0.0,0.0,10.33762552188086,10.33762552188086
96,0.12903225806451613,0.0,0.0,10.927986415439685,10.927986415439685
97,0.1303763440860215,0.0,0.0,11.238169638358928,11.238169638358928
98,0.13172043010752688,0.0,0.0,11.428087718625449,11.428087718625449
99,0.13306451612903225,0.0,0.0,11.557263738258722,11.557263738258722
100,0.13440860215053763,0.0,0.0,11.658777660130628,11.658777660130628
101,0.135752688172043,0.0,0.0,11.746375727595467,11.746375727595467
102,0.13709677419354838,61.11533364470561,0.6811641529718858,11.82201703977201,11.82201703977201
103,0.13844086021505375,37.059441818495024,0.41304795033370295,14.955554593803367,5.86295707976947
104,0.13978494623655913,12.803265207293421,0.14269946313147464,11.47642956082781,5.962811808050918
105,0.14112903225806453,7.023963278938084,0.07828595071112676,9.873356681822722,7.968516595828397
106,0.1424731182795699,3.000893477287138,0.033446615468035325,10.16905314790646,9.124044191234088
107,0.14381720430107528,0.8672572497081034,0.00966606111226431,10.447995092106307,10.001529124496797
108,0.14516129032258066,2.2668376749465566,0.02526515806583499,10.727931174305615,10.59890265327083
109,0.14650537634408603,0.0,0.0,11.089039551817983,10.751784703014208
110,0.1478494623655914,0.0,0.0,11.11292233273146,11.11292233273146
111,0.14919354838709678,0.0,0.0,11.30881867624975,11.30881867624975
112,0.15053763440860216,0.0,0.0,11.44754050014733,11.44754050014733
113,0.15188172043010753,8.202989133716548,0.09142684514477269,11.555089506276019,11.555089506276019
114,0.1532258064516129,13.420045822277816,0.14957382378894477,12.071595159706296,10.851173472434047
115,0.15456989247311828,14.733238352303273,0.16421007993055364,12.108908574820294,10.112305300243635
116,0.15591397849462366,16.36206039891699,0.1823642013851402,11.875443768879151,9.683466757109588
117,0.15725806451612903,17.230765490444305,0.19204639949425303,11.748456364898416,9.314146988914942
118,0.1586021505376344,0.0,0.0,11.589341920572863,9.025788617008638
119,0.15994623655913978,0.0,0.0,10.54589002198831,10.54589002198831
120,0.16129032258064516,0.0,0.0,11.07003203651582,11.07003203651582
121,0.16263440860215053,0.0,0.0,11.345076947678276,11.345076947678276
122,0.1639784946236559,0.0,0.0,11.51390973111637,11.51390973111637
123,0.16532258064516128,0.0,0.0,11.628119476603068,11.628119476603068
124,0.16666666666666666,0.0,0.0,11.7178468594058,11.7178468594058
125,0.16801075268817203,0.0,0.0,11.79611574907533,11.79611574907533
126,0.1693548387096774,57.77516256778308,0.643936101242347,11.864225632355549,11.864225632355549
127,0.17069892473118278,34.823974049631396,0.3881324271995859,14.823356289898411,6.22770167741251
128,0.17204301075268819,13.41715013863939,0.1495415497952477,11.520791291589505,6.339761245787084
129,0.17338709677419356,5.899955413289685,0.06575826215772465,10.087212490718453,8.091040029233731
130,0.17473118279569894,0.7224730677868841,0.008052361427412173,10.207844280318161,9.330062605498885
131,0.1760752688172043,0.021235013348445495,0.0002366759537783137,10.448241191852622,10.34075332541463
132,0.1774193548387097,1.217634969957454,0.013571214349606486,10.855530889128978,10.852371593121449
133,0.17876344086021506,0.0,0.0,11.186729807823882,11.005572902664861
134,0.18010752688172044,0.0,0.0,11.262467098578037,11.262467098578037
135,0.1814516129032258,0.0,0.0,11.418886318217469,11.418886318217469
136,0.1827956989247312,0.0,0.0,11.535898592358786,11.535898592358786
137,0.18413978494623656,7.096837983838431,0.07909817955250233,11.62934002367362,11.62934002367362
138,0.18548387096774194,12.069209404952838,0.13451800572927428,12.078251589175709,11.02240050302295
139,0.1868279569892473,13.381436707098821,0.14914350387298414,12.135944307968883,10.340315340780295
140,0.1881720430107527,15.163247372609295,0.16900276799456448,11.928462548367921,9.937603448350409
141,0.18951612903225806,16.01361313442659,0.17848056414359603,11.823989336676485,9.56803658075445
142,0.19086021505376344,0.0,0.0,11.668865783141689,9.286397582554494
143,0.1922043010752688,0.0,0.0,10.692292256447367,10.692292256447367
144,0.1935483870967742,0.0,0.0,11.174341599292895,11.174341599292895
145,0.19489247311827956,0.0,0.0,11.426099986538796,11.426099986538796
146,0.19623655913978494,0.0,0.0,11.580258454899326,11.580258454899326
147,0.1975806451612903,0.0,0.0,11.684273248842866,11.684273248842866
148,0.1989247311827957,0.0,0.0,11.766023497384063,11.766023497384063
149,0.20026881720430106,0.0,0.0,11.837488061370628,11.837488061370628
150,0.20161290322580644,60.43533060361561,0.6735851434520302,11.899839115509872,11.899839115509872
151,0.20295698924731181,38.94308402529009,0.4340421832336293,14.987081663995324,5.995653424384361
152,0.20430107526881722,23.031785046087826,0.25670196686732877,11.650806807282406,5.856945138201248
153,0.2056451612903226,13.629500272123845,0.15190830933303084,10.372871615310668,6.946256084234973
154,0.20698924731182797,10.17012355208618,0.11335164486296374,10.11192235815454,8.084156936594523
155,0.20833333333333334,9.466955041888792,0.10551444339353186,10.332067808585414,8.818980427524748
156,0.20967741935483872,11.832728574481512,0.1318822962440158,10.5885318808017,9.180060278899454
157,0.2110215053763441,10.974158375688683,0.1223130571128426,10.870575500186833,9.110129602173005
158,0.21236559139784947,10.964506096893937,0.12220547713385248,10.832962038017392,9.200252221762542
159,0.21370967741935484,11.002149984193453,0.12262503905191403,10.876571356200547,9.245297583585483
160,0.21505376344086022,14.023313246949561,0.15629757247582865,10.907152403888933,9.270278061078702
161,0.2163978494623656,19.115372925118844,0.21305139039207838,11.07677463528693,8.990418633223637
162,0.21774193548387097,0.0,0.0,11.243642570165008,8.399701745932537
163,0.21908602150537634,0.0,0.0,10.043719984178532,10.043719984178532
164,0.22043010752688172,0.0,0.0,10.638314024066371,10.638314024066371
165,0.2217741935483871,0.0,0.0,10.983432375613486,10.983432375613486
166,0.22311827956989247,0.0,0.0,11.203598790014778,11.203598790014778
167,0.22446236559139784,0.0,0.0,11.354170269823635,11.354170269823635
168,0.22580645161290322,0.0,0.0,11.46906192489287,11.46906192489287
169,0.2271505376344086,0.0,0.0,11.560986576213658,11.560986576213658
170,0.22849462365591397,0.0,0.0,11.63810916473657,11.63810916473657
171,0.22983870967741934,0.0,0.0,11.704436749385417,11.704436749385417
172,0.23118279569892472,0.0,0.0,11.763985028404566,11.763985028404566
173,0.2325268817204301,0.0,0.0,11.821546017990084,11.821546017990084
174,0.23387096774193547,0.0,0.0,11.876107864213235,11.876107864213235
175,0.23521505376344087,0.0,0.0,11.92862344894733,11.92862344894733
176,0.23655913978494625,0.0,0.0,11.974771545955523,11.974771545955523
177,0.23790322580645162,0.0,0.0,12.012404672068437,12.012404672068437
178,0.239247311827957,0.0,0.0,12.043166195232448,12.043166195232448
179,0.24059139784946237,0.0,0.0,12.070411417080766,12.070411417080766
180,0.24193548387096775,0.0,0.0,12.08868499117594,12.08868499117594
181,0.24327956989247312,0.14912770737885583,0.0016621106753977027,12.099055459818487,12.099055459818487
182,0.2446236559139785,0.9150360297421058,0.010198582008265518,12.12191712641191,12.099730252177213
183,0.24596774193548387,2.122053493025337,0.023651458380982846,12.17310776330691,12.036970826255184
184,0.24731182795698925,2.720977392239447,0.03032679607732119,12.22015202164905,11.904437827442067
185,0.24865591397849462,2.331507942871368,0.025985943925068943,12.203576977343712,11.798756275288
186,0.25,2.809778357151129,0.03131653188403051,12.153308209892693,11.80643186870235
187,0.2513440860215054,3.183804160447612,0.03548525606989853,12.18033054582721,11.762298242285466
188,0.25268817204301075,3.3252100447906687,0.03706130276210411,12.180364964702655,11.706685970119196
189,0.2540322580645161,3.5660344007196305,0.039745423237908174,12.16091371215249,11.666196678246166
190,0.2553763440860215,4.110422924743415,0.04581293405295222,12.150164457751414,11.619618135032425
191,0.2567204301075269,5.495524931789746,0.06125066103803768,12.152127584259354,11.540588400256427
192,0.25806451612903225,3.506672886131931,0.0390838063671188,12.182244445249786,11.364632998937548
193,0.2594086021505376,3.5824432746707022,0.03992830920219142,12.002163157501617,11.480448503167311
194,0.260752688172043,5.5968738591346,0.06238025081743418,12.029947218647845,11.496959621741219
195,0.2620967741935484,5.710288134972888,0.06364431557056835,12.134088968183255,11.301399063653262
196,0.26344086021505375,5.633069904614905,0.06278367573864721,12.062839840355709,11.213276423058229
197,0.2647849462365591,6.073213817655411,0.06768932278059771,12.01210015264639,11.1740250844672
198,0.2661290322580645,110.7579687139738,1.234458742916088,12.008214287255964,11.104655629102526
199,0.2674731182795699,66.31260316173764,0.7390905926591281,17.22341722987392,0.7451036720559341
200,0.26881720430107525,33.49002912019723,0.3732648741031482,10.966361908585386,1.1005266967086433
201,0.2701612903225806,24.15144938627859,0.26918124443018526,8.661019483275703,3.6784506684917266
202,0.271505376344086,19.927612185696884,0.22210424562409886,8.830851892404239,5.23765529911335
203,0.2728494623655914,17.067641978813068,0.19022829784931966,9.182528589484532,6.217744692964059
204,0.27419354838709675,18.60187169323825,0.20732813550980278,9.421949880516287,6.882665714464446
205,0.27553763440860213,13.05518968383634,0.14550730058311734,9.783346237623281,7.015802935027434
206,0.2768817204301075,11.33467098867252,0.12633116932812444,9.603936948080403,7.6616161230876605
207,0.2782258064516129,9.706814169938278,0.10818780587143689,9.791248625051239,8.104902578850377
208,0.27956989247311825,6.769143118756738,0.07544583926578699,9.938114381866573,8.493957095515642
209,0.28091397849462363,16.97835839996165,0.18923318304366082,9.99989700369386,8.99279959911184
210,0.28225806451612906,21.904881496801003,0.2441420043202296,10.77741003958105,8.251409277197231
211,0.28360215053763443,20.919383831857235,0.233158088465336,10.813770280438366,7.554812844307701
212,0.2849462365591398,22.151497220006814,0.24689067278342774,10.499970471684144,7.387633091175644
213,0.2862903225806452,22.378808385623124,0.24942418128864555,10.474039623894448,7.178391272767248
214,0.28763440860215056,0.0,0.0,10.367362327207832,7.037895148363669
215,0.28897849462365593,0.0,0.0,9.14404975627008,9.14404975627008
216,0.2903225806451613,0.0,0.0,9.921028137917002,9.921028137917002
217,0.2916666666666667,0.0,0.0,10.358228251799495,10.358228251799495
218,0.29301075268817206,0.0,0.0,10.644276918176407,10.644276918176407
219,0.29435483870967744,0.0,0.0,10.849530157739187,10.849530157739187
220,0.2956989247311828,0.0,0.0,11.01209159161236,11.01209159161236
221,0.2970430107526882,0.0,0.0,11.147290358420438,11.147290358420438
222,0.29838709677419356,59.80214111468014,0.6665278968302768,11.256776921222263,11.256776921222263
223,0.29973118279569894,36.35868637799632,0.40523764385901856,14.3502898268799,5.45306605003891
224,0.3010752688172043,12.440339524610897,0.13865445592144526,10.97344957318074,5.564088588652322
225,0.3024193548387097,7.13979062447506,0.07957691045900847,9.410633470446905,7.55978862530854
226,0.30376344086021506,3.687170499593717,0.041095551974234465,9.743351212688399,8.681109732338593
227,0.30510752688172044,1.2340438439085255,0.013754100313889728,10.049585954767045,9.50101728436874
228,0.3064516129032258,3.175117109532339,0.0353884340888074,10.306253798010605,10.122655618663947
229,0.3077956989247312,0.011582734553697542,0.0001290959747881711,10.718090704067158,10.245704148759508
230,0.30913978494623656,0.0,0.0,10.691550300560898,10.689827048193155
231,0.31048387096774194,0.0,0.0,10.91906137043236,10.91906137043236
232,0.3118279569892473,0.3527907899480376,0.003932048232089711,11.078245981151648,11.078245981151648
233,0.3131720430107527,11.274826860145083,0.12566417345838557,11.21852410281647,11.166036707782286
234,0.31451612903225806,15.57926058866293,0.17363946508903963,11.851771739145102,10.174329163510913
235,0.31586021505376344,15.517968618316281,0.1729563322224522,11.725605737609285,9.40775950081247
236,0.3172043010752688,16.806547837415135,0.18731825941763627,11.393300542507816,9.084573182823641
237,0.3185483870967742,17.487998720324338,0.19491340593434034,11.280765032888684,8.78032584729306
238,0.31989247311827956,0.0,0.0,11.14049080533155,8.538666938767024
239,0.32123655913978494,0.0,0.0,10.108483869348182,10.108483869348182
240,0.3225806451612903,0.0,0.0,10.660295440201732,10.660295440201732
241,0.3239247311827957,0.0,0.0,10.95664562932555,10.95664562932555
242,0.32526881720430106,0.0,0.0,11.143508264376493,11.143508264376493
243,0.32661290322580644,0.0,0.0,11.27386548830768,11.27386548830768
244,0.3279569892473118,0.0,0.0,11.375447198558676,11.375447198558676
245,0.3293010752688172,0.0,0.0,11.45823331558504,11.45823331558504
246,0.33064516129032256,60.79922151417761,0.6776409086599586,11.528173060451625,11.528173060451625
247,0.33198924731182794,36.11641418024815,0.40253738638636605,14.640535706093418,5.5949686212625185
248,0.3333333333333333,12.201445624440888,0.13599185144143927,11.136316835644616,5.76300054647483
249,0.3346774193548387,4.247485283628835,0.04734056975461223,9.57482171380892,7.759518948755262
250,0.33602150537634407,1.2374221414866875,0.013791753306536281,9.76611126431335,9.13418026062546
251,0.33736559139784944,0.02509592486634467,0.00027970794537437066,10.185502559879795,10.001401765259212
252,0.3387096774193548,0.7543255878095524,0.008407375358079642,10.523432015251423,10.51969830178798
253,0.3400537634408602,0.0,0.0,10.824901144637215,10.712674334187929
254,0.34139784946236557,0.0,0.0,10.941086622275018,10.941086622275018
255,0.34274193548387094,0.0,0.0,11.092053819818592,11.092053819818592
256,0.34408602150537637,0.0,0.0,11.207830059178024,11.207830059178024
257,0.34543010752688175,4.713690349415162,0.05253668273983613,11.301852423687613,11.301852423687613
258,0.3467741935483871,9.864628928232406,0.10994673852792572,11.642985582391837,10.941693670902277
259,0.3481182795698925,11.377623629309149,0.12680990023463057,11.81106513983061,10.343428539969176
260,0.34946236559139787,12.93550142678147,0.1441733088436396,11.667919379440065,9.975182939042153
261,0.35080645161290325,13.832198126813553,0.15416748889182386,11.58413721953477,9.659623335675375
262,0.3521505376344086,0.0,0.0,11.465916890661987,9.40799455266646
263,0.353494623655914,0.0,0.0,10.624331544065164,10.624331544065164
264,0.3548387096774194,0.0,0.0,11.045455490786303,11.045455490786303
265,0.35618279569892475,0.0,0.0,11.268778923285769,11.268778923285769
266,0.3575268817204301,0.0,0.0,11.407860114518902,11.407860114518902
267,0.3588709677419355,0.0,0.0,11.503352016054214,11.503352016054214
268,0.3602150537634409,0.0,0.0,11.579658834088185,11.579658834088185
269,0.36155913978494625,0.0,0.0,11.648151961889397,11.648151961889397
270,0.3629032258064516,53.20915208392756,0.5930453921810601,11.708921236075978,11.708921236075978
271,0.364247311827957,31.304753201066294,0.34890876685977995,14.432085130521724,6.5157509618366545
272,0.3655913978494624,9.288387884185953,0.1035242137822142,11.349755299820885,6.69230676508449
273,0.36693548387096775,4.11331860838184,0.04584520804664926,9.941825389941158,8.559920595374956
274,0.3682795698924731,1.5540168859544201,0.017320376617412956,10.244073011455788,9.632103014360924
275,0.3696236559139785,0.3996043421025652,0.004453811130191903,10.57108157401323,10.339878548007661
276,0.3709677419354839,1.4425330658750815,0.01607782786007681,10.840073127397226,10.78062092071008
277,0.37231182795698925,0.0,0.0,11.118797469689754,10.904180747723716
278,0.3736559139784946,0.0,0.0,11.160274959875641,11.160274959875641
279,0.375,0.0,0.0,11.308144639214031,11.308144639214031
280,0.3763440860215054,0.0,0.0,11.416351306442676,11.416351306442676
281,0.37768817204301075,8.666781129804187,0.09659606313524904,11.502239380609481,11.502239380609481
282,0.3790322580645161,15.602426057770325,0.17389765703861595,12.022476998729353,10.73305341456538
283,0.3803763440860215,17.315222929898347,0.19298772431041675,12.112279277525076,9.790986535992772
284,0.3817204301075269,19.373088768938615,0.2159237758311152,11.808476101125029,9.232357415712675
285,0.38306451612903225,20.716685977167526,0.230898908906543,11.628613435064526,8.746330245649766
286,0.3844086021505376,0.0,0.0,11.42568900590184,8.34350854182885
287,0.385752688172043,0.0,0.0,10.140524684070057,10.140524684070057
288,0.3870967741935484,0.0,0.0,10.749064766470479,10.749064766470479
289,0.38844086021505375,0.0,0.0,11.063944579480502,11.063944579480502
290,0.3897849462365591,0.0,0.0,11.25443603108714,11.25443603108714
291,0.3911290322580645,0.0,0.0,11.381216657922561,11.381216657922561
292,0.3924731182795699,0.0,0.0,11.479347634675577,11.479347634675577
293,0.39381720430107525,0.0,0.0,11.563289897239956,11.563289897239956
294,0.3951612903225806,63.14376003342189,0.7037720855566643,11.635351539650157,11.635351539650157
295,0.396505376344086,39.70464882219569,0.44253024357595144,14.866245116985933,5.4718630320509805
296,0.3978494623655914,15.102438016202383,0.1683250141269266,11.335874730552575,5.428709218292295
297,0.39919354838709675,8.323642618650895,0.09277159488214945,9.642604456376002,7.395698775384619
298,0.40053763440860213,6.810165303634417,0.0759030541764951,9.854346095525514,8.615973862755938
299,0.4018817204301075,5.527377451812414,0.06160567496870514,10.271027561068927,9.257826971017817
300,0.4032258064516129,6.562101738609396,0.07313824871644845,10.499176820438132,9.6768264301146
301,0.40456989247311825,1.6872183333219417,0.01880498032747692,10.751574403560754,9.775280135052148
302,0.40591397849462363,0.8194784696741011,0.009133540216263105,10.597177450457822,10.346157022223206
303,0.40725806451612906,0.008687050915273158,9.682198109112834e-05,10.811392094036245,10.689471989018402
304,0.40860215053763443,0.0,0.0,10.969235768145467,10.967943328869659
305,0.4099462365591398,10.002173901057565,0.11147975322853526,11.138805425752453,11.138805425752453
306,0.4112903225806452,14.94703632760694,0.16659297646518528,11.779498965145569,10.291398743417183
307,0.41263440860215056,14.663741944981087,0.1634355040818246,11.756152432292387,9.532367053901561
308,0.41397849462365593,17.303157581404914,0.19285324933667908,11.429000749822215,9.247363252259113
309,0.4153225806451613,17.76984526113098,0.1980547413208525,11.40532801893531,8.831004388072687
310,0.4166666666666667,0.0,0.0,11.217057643365667,8.573301302519384
311,0.41801075268817206,0.0,0.0,10.158776070252628,10.158776070252628
312,0.41935483870967744,0.0,0.0,10.71196768076631,10.71196768076631
313,0.4206989247311828,0.0,0.0,11.007201540729314,11.007201540729314
314,0.4220430107526882,0.0,0.0,11.191307128313461,11.191307128313461
315,0.42338709677419356,0.0,0.0,11.317150875897651,11.317150875897651
316,0.42473118279569894,0.0,0.0,11.414871116505278,11.414871116505278
317,0.4260752688172043,0.0,0.0,11.49707093531135,11.49707093531135
318,0.4274193548387097,52.689859484770125,0.5872575893113904,11.567666256888037,11.567666256888037
319,0.42876344086021506,33.50692060808804,0.37345313906638095,14.274036088543177,6.434961067678601
320,0.43010752688172044,23.067015863688653,0.25709463379064273,11.357165069043042,6.37208317788944
321,0.4314516129032258,18.973484426836052,0.2114699647009233,10.444612550900501,7.012755460539587
322,0.4327956989247312,16.27856818734242,0.18143363456687545,10.313267908541365,7.490436925813751
323,0.43413978494623656,14.19946733495371,0.15826090709239873,10.305361511043378,7.883473912544055
324,0.43548387096774194,18.106709791067683,0.20180928258760847,10.313310261267311,8.200746462777923
325,0.4368279569892473,18.207576104472796,0.20293349336805544,10.610739396611233,7.916865132736416
326,0.4381720430107527,18.273211600277087,0.20366503722518844,10.510085182548355,7.801204262637771
327,0.43951612903225806,19.0941379117704,0.21281471443830008,10.441577543029918,7.7229315263687885
328,0.44086021505376344,19.840259062604414,0.22113064681423808,10.42494648772953,7.584164959504589
329,0.4422043010752688,22.839222084132604,0.25455574628647537,10.383140133517696,7.431352431937287
330,0.4435483870967742,0.0,0.0,10.456775874761288,7.0588094142993265
331,0.44489247311827956,0.0,0.0,9.139182533899632,9.139182533899632
332,0.44623655913978494,0.0,0.0,9.903703288776073,9.903703288776073
333,0.4475806451612903,0.0,0.0,10.340852492284448,10.340852492284448
334,0.4489247311827957,0.0,0.0,10.620950223320852,10.620950223320852
335,0.45026881720430106,0.0,0.0,10.816388257505881,10.816388257505881
336,0.45161290322580644,0.0,0.0,10.967446856822898,10.967446856822898
337,0.4529569892473118,0.0,0.0,11.088396741778464,11.088396741778464
338,0.4543010752688172,0.0,0.0,11.189494364429844,11.189494364429844
339,0.45564516129032256,0.0,0.0,11.276646416773701,11.276646416773701
340,0.45698924731182794,0.0,0.0,11.354798606183602,11.354798606183602
341,0.4583333333333333,0.0,0.0,11.429542953822022,11.429542953822022
342,0.4596774193548387,0.0,0.0,11.499620014902069,11.499620014902069
343,0.46102150537634407,0.0,0.0,11.565256159942441,11.565256159942441
344,0.46236559139784944,0.0,0.0,11.622073370625799,11.622073370625799
345,0.4637096774193548,0.0,0.0,11.668548149458694,11.668548149458694
346,0.4650537634408602,0.0,0.0,11.70658253851143,11.70658253851143
347,0.46639784946236557,0.0,0.0,11.740227469040153,11.740227469040153
348,0.46774193548387094,0.0,0.0,11.763729266459192,11.763729266459192
349,0.46908602150537637,0.0,0.0,11.778102797655041,11.778102797655041
350,0.47043010752688175,0.0,0.0,11.797595007203759,11.797595007203759
351,0.4717741935483871,0.0,0.0,11.820279367761595,11.820279367761595
352,0.4731182795698925,0.0,0.0,11.842766169075874,11.842766169075874
353,0.47446236559139787,0.0,0.0,11.864317501771765,11.864317501771765
354,0.47580645161290325,0.0,0.0,11.900700707960391,11.900700707960391
355,0.4771505376344086,0.0,0.0,11.935106784008529,11.935106784008529
356,0.478494623655914,0.0,0.0,11.961113383840626,11.961113383840626
357,0.4798387096774194,0.0,0.0,11.982703156957085,11.982703156957085
358,0.48118279569892475,0.0,0.0,12.002610467031005,12.002610467031005
359,0.4825268817204301,0.0,0.0,12.02002942450136,12.02002942450136
360,0.4838709677419355,0.28956836384243856,0.0032273993697042778,12.034680493023611,12.034680493023611
361,0.4852150537634409,0.5081924785434797,0.005664085893831008,12.061306372791996,12.018225063598413
362,0.48655913978494625,0.3831954681514937,0.004270925165908661,12.07185996811595,11.99625227048121
363,0.4879032258064516,0.831543818167536,0.009268015190000783,12.06015996996447,12.00314903746496
364,0.489247311827957,1.4097153179729383,0.015712055931510323,12.08911481765811,11.965399658090535
365,0.4905913978494624,2.9222274051099424,0.032569838639265665,12.113012650305421,11.903278476714656
366,0.49193548387096775,3.748945083880104,0.041784063839771374,12.17082966334707,11.736067451401816
367,0.4932795698924731,4.056370163492827,0.04521048617060742,12.148944766870875,11.591185417177938
368,0.4946236559139785,4.285129170928353,0.047760131672673796,12.09978775444515,11.496290414825026
369,0.4959677419354839,2.4955966823820828,0.027814803567901364,12.062143503223608,11.424611929340552
370,0.49731182795698925,0.8605006545517799,0.009590755126971212,11.928308125889746,11.55701904282304
371,0.4986559139784946,0.2567506159402955,0.002861627441137793,11.882587900094807,11.754564609607872
372,0.5,0.0,0.0,11.923782717838831,11.88558395702052
373,0.5013440860215054,0.0,0.0,11.965713091794676,11.965713091794676
374,0.5026881720430108,0.0,0.0,12.010176277734013,12.010176277734013
375,0.5040322580645161,0.013995804252384529,0.00015599096953570674,12.04119941772849,12.04119941772849
376,0.5053763440860215,0.5130186179408537,0.005717875883326079,12.065890389628416,12.063808126350727
377,0.5067204301075269,1.3368406130725912,0.014899827090134746,12.110304394132763,12.03397867467813
378,0.5080645161290323,2.4492657441672927,0.02729841966874868,12.162366479362055,11.963474435251674
379,0.5094086021505376,3.255713637468484,0.03628672691337509,12.201940249109903,11.83754417551417
380,0.510752688172043,3.7880368129988335,0.04221976275468146,12.194782428761478,11.710404909061614
381,0.5120967741935484,4.710794665776738,0.052504408746139083,12.165312970414803,11.601737643980734
382,0.5134408602150538,4.853648391939007,0.05409659243519319,12.157702709900295,11.45684161150267
383,0.5147849462365591,5.3946586183846295,0.06012645025759068,12.094047824405132,11.371933280138672
384,0.5161290322580645,3.548177684949347,0.03954640027677641,12.07193709586061,11.269332305584138
385,0.5174731182795699,3.5621734892017316,0.03970239124631212,11.927491557833251,11.399601915847867
386,0.5188172043010753,3.8020326172512178,0.04237575372421716,11.963720066133654,11.433748160870579
387,0.5201612903225806,4.108009855044728,0.045786039058204685,11.99060817082006,11.4249505811083
388,0.521505376344086,4.395647763128217,0.04899192243211093,12.004669709891337,11.393489536798356
389,0.5228494623655914,4.708864210017787,0.05248289275034105,12.00754641362267,11.353572140064061
390,0.5241935483870968,102.93383152295111,1.1472544119466785,12.000943939353526,11.300370049683858
391,0.5255376344086021,61.98596919199186,0.6908678670767966,16.898706919474655,1.5844503360673106
392,0.5268817204301075,22.55206678998885,0.2513552419115186,11.068354934271442,1.8462262839288368
393,0.5282258064516129,8.399895621129405,0.09362147671617158,8.444767109450979,5.089522947272655
394,0.5295698924731183,5.17941280126175,0.05772741672611051,8.65181379785126,7.4020968203273725
395,0.5309139784946236,3.733501437808508,0.04161193587338716,9.412165831886826,8.641584814777584
396,0.532258064516129,5.060207158146613,0.056398803985582245,9.925711619432834,9.370249939563555
397,0.5336021505376344,1.136073214141834,0.012662163527139782,10.385710867400013,9.63286498924213
398,0.5349462365591398,0.4570354009313155,0.005093912005183251,10.393804921378022,10.224782584975193
399,0.5362903225806451,0.4193915136317985,0.004674350087121695,10.662921928703595,10.594925262359721
400,0.5376344086021505,0.7065468077755501,0.007874854462078439,10.893269721316818,10.83087362516811
401,0.5389784946236559,8.7198686631753,0.09718775301969482,11.078551739896467,10.973433345464121
402,0.5403225806451613,13.649287443653078,0.15212884828996062,11.601811558281485,10.304489734098686
403,0.5416666666666666,14.811904424480469,0.1650868567593233,11.64408407200137,9.613374760979791
404,0.543010752688172,16.64583739548258,0.1855270527674504,11.44222820183938,9.238547434405561
405,0.5443548387096774,17.28385302381542,0.19263808937869883,11.370710063330218,8.894181004337032
406,0.5456989247311828,0.0,0.0,11.221230555741743,8.649779012158692
407,0.5470430107526881,0.0,0.0,10.19868947205608,10.19868947205608
408,0.5483870967741935,0.0,0.0,10.74268087353726,10.74268087353726
409,0.5497311827956989,0.0,0.0,11.03575202169354,11.03575202169354
410,0.5510752688172043,0.0,0.0,11.220864256393035,11.220864256393035
411,0.5524193548387096,0.0,0.0,11.349451022605994,11.349451022605994
412,0.553763440860215,0.0,0.0,11.448981831859093,11.448981831859093
413,0.5551075268817204,0.0,0.0,11.52992720863987,11.52992720863987
414,0.5564516129032258,59.04154154565401,0.6580505944858537,11.597888836260132,11.597888836260132
415,0.5577956989247311,35.42386317672498,0.39481852289382324,14.61896740201139,5.834903863985547
416,0.5591397849462365,7.568351802961868,0.08435346152617079,11.231798005955817,5.961517847940687
417,0.5604838709677419,2.860935434763293,0.03188670577267826,9.468413515899618,8.342411697943307
418,0.5618279569892473,1.2847183075809523,0.014318895203587976,9.97358117597394,9.547937841141328
419,0.5631720430107527,0.2591636856389825,0.0028885224358853284,10.429519588379202,10.238382179923667
420,0.5645161290322581,0.9690887909926944,0.010801029890610317,10.723546802611017,10.68498903088276
421,0.5658602150537635,-0.09063417897619304,-0.0010101679901074886,11.005077809031505,10.860899027596977
422,0.5672043010752689,-3.1476318605190037,-0.03508209580597596,11.092889523141109,11.10637386596146
423,0.5685483870967742,-1.5678865914479752,-0.01747496214662581,11.090129138986656,11.558426502728993
424,0.5698924731182796,0.0,0.0,11.399268722119025,11.632535250721572
425,0.571236559139785,3.553486438286458,0.03960556926522099,11.576918381414096,11.576918381414096
426,0.5725806451612904,7.905216332898572,0.08810800279292677,11.78227209217726,11.253592626189993
427,0.5739247311827957,10.019065388948372,0.11166801819176798,11.905273748401385,10.729154007416536
428,0.5752688172043011,12.127123077721327,0.13516348560321514,11.821526814855353,10.330913516757342
429,0.5766129032258065,13.22024365122653,0.14734691822384877,11.759893813379893,9.955648584352588
430,0.5779569892473119,0.0,0.0,11.62713696746929,9.660259796236206
431,0.5793010752688172,0.0,0.0,10.79468569242251,10.79468569242251
432,0.5806451612903226,0.0,0.0,11.181152031578161,11.181152031578161
433,0.581989247311828,0.0,0.0,11.384949770971946,11.384949770971946
434,0.5833333333333334,0.0,0.0,11.511219230261267,11.511219230261267
435,0.5846774193548387,0.0,0.0,11.597704549153312,11.597704549153312
436,0.5860215053763441,0.0,0.0,11.664271194047497,11.664271194047497
437,0.5873655913978495,0.0,0.0,11.718147038114132,11.718147038114132
438,0.5887096774193549,56.38957794679701,0.628492995258312,11.76471677134817,11.76471677134817
439,0.5900537634408602,33.47458547412563,0.37309274613676396,14.634730751450984,6.245220203456381
440,0.5913978494623656,10.805726110720332,0.12043578647946462,11.367537578925111,6.387266433964792
441,0.592741935483871,5.396589074143579,0.06014796625338871,9.882440462608901,8.27478960786832
442,0.5940860215053764,2.0916488148218813,0.0233125814471639,10.16663644439232,9.36374444538789
443,0.5954301075268817,0.6959293011013273,0.007756516485189281,10.455980685766894,10.144790029025238
444,0.5967741935483871,2.226298104008615,0.024813322154076386,10.730729265013984,10.627190518585405
445,0.5981182795698925,0.0,0.0,11.043810791933451,10.712587326416777
446,0.5994623655913979,0.0,0.0,11.03279731107906,11.03279731107906
447,0.6008064516129032,0.0,0.0,11.204529422999439,11.204529422999439
448,0.6021505376344086,0.0,0.0,11.32694338520062,11.32694338520062
449,0.603494623655914,7.231004659085428,0.08059354126046532,11.422015926143343,11.422015926143343
450,0.6048387096774194,12.674407285383536,0.14126327041195624,11.886251859120613,10.810439766374827
451,0.6061827956989247,14.15313639673892,0.15774452319324606,11.969236018187138,10.083567114783959
452,0.6075268817204301,16.017956659884227,0.17852897513414162,11.750488305525476,9.64481751650706
453,0.6088709677419355,16.90500108112156,0.1884155752033357,11.629305675047458,9.24619125482236
454,0.6102150537634409,0.0,0.0,11.457658691985,8.942571861263556
455,0.6115591397849462,0.0,0.0,10.421774117964569,10.421774117964569
456,0.6129032258064516,0.0,0.0,10.927674174078387,10.927674174078387
457,0.614247311827957,0.0,0.0,11.191284610726376,11.191284610726376
458,0.6155913978494624,0.0,0.0,11.351874566918912,11.351874566918912
459,0.6169354838709677,0.0,0.0,11.459618522612672,11.459618522612672
460,0.6182795698924731,0.0,0.0,11.543546873017446,11.543546873017446
461,0.6196236559139785,0.0,0.0,11.615760562044166,11.615760562044166
462,0.6209677419354839,59.357171062242266,0.6615684597988313,11.67823939464097,11.67823939464097
463,0.6223118279569892,35.363053820318065,0.39414076902618533,14.711268899018073,5.880246733971222
464,0.6236559139784946,7.698657566690966,0.08580579124253772,11.290634136517177,6.0294010534327
465,0.625,2.3990738944346033,0.02673900377799994,9.542973004104361,8.397584597010937
466,0.6263440860215054,0.7707344617606239,0.008590261322362885,10.01008864344366,9.653159996774816
467,0.6276881720430108,0.0019304557589495904,2.151599579802852e-05,10.47886935188129,10.364201267244367
468,0.6290322580645161,0.07480516065929663,0.000833744837173605,10.788107365135454,10.787820156407497
469,0.6303763440860215,0.0,0.0,11.019871851985718,11.008742513777376
470,0.6317204301075269,0.0,0.0,11.173077446446944,11.173077446446944
471,0.6330645161290323,0.0,0.0,11.297496291142567,11.297496291142567
472,0.6344086021505376,0.0,0.0,11.396129487884847,11.396129487884847
473,0.635752688172043,3.243648288975049,0.03615225193963741,11.477196629758755,11.477196629758755
474,0.6370967741935484,8.065926774831125,0.08989920944311264,11.72297062105873,11.240388155908597
475,0.6384408602150538,9.946190684048027,0.11085578935039242,11.912480158039662,10.712450290452376
476,0.6397849462365591,11.64064822646603,0.12974145466211195,11.818359084233915,10.338587915616289
477,0.6411290322580645,12.79071724486025,0.14255960915878746,11.74450300327807,10.012634373695985
478,0.6424731182795699,0.0,0.0,11.63488512957089,9.731911900308287
479,0.6438172043010753,0.0,0.0,10.833263511659993,10.833263511659993
480,0.6451612903225806,0.0,0.0,11.208719348148271,11.208719348148271
481,0.646505376344086,0.0,0.0,11.405777178342147,11.405777178342147
482,0.6478494623655914,0.0,0.0,11.526083975291083,11.526083975291083
483,0.6491935483870968,0.0,0.0,11.60752791343841,11.60752791343841
484,0.6505376344086021,0.0,0.0,11.672425929021673,11.672425929021673
485,0.6518817204301075,0.0,0.0,11.728295803030065,11.728295803030065
486,0.6532258064516129,57.880372406645826,0.6451087230133394,11.77697831427039,11.77697831427039
487,0.6545698924731183,36.445074273209315,0.40620048467098036,14.723679108367321,6.112371620207749
488,0.6559139784946236,22.846461293228664,0.254636431270718,11.476173826425235,6.053960251320733
489,0.657258064516129,15.309479396349726,0.17063260467626515,10.358848323820597,6.959804830628796
490,0.6586021505376344,10.599167344512725,0.11813357492907557,10.132938203773811,7.855229386709017
491,0.6599462365591398,9.041289547040407,0.10077016632006656,10.189020684408394,8.612101163559235
492,0.6612903225806451,11.610243548262575,0.12940257772829303,10.392222313300381,9.047080235912706
493,0.6626344086021505,11.800393440519107,0.1315219033143988,10.707661082788725,8.980315990671969
494,0.6639784946236559,13.9605734347837,0.15559830261239274,10.724958981707747,8.969323829887204
495,0.6653225806451613,16.267468066728462,0.18130991759103682,10.837070707861061,8.76004898945638
496,0.6666666666666666,17.579695368874443,0.19593541573474668,10.873976873615657,8.453740725302088
497,0.668010752688172,20.96619738401176,0.2336798513634382,10.805326548893369,8.189860267750873
498,0.6693548387096774,0.0,0.0,10.853718552012559,7.734416359851098
499,0.6706989247311828,0.0,0.0,9.592907951625122,9.592907951625122
500,0.6720430107526881,0.0,0.0,10.265786028351052,10.265786028351052
501,0.6733870967741935,0.0,0.0,10.649583259401382,10.649583259401382
502,0.6747311827956989,0.0,0.0,10.892348076637752,10.892348076637752
503,0.6760752688172043,0.0,0.0,11.058705154717005,11.058705154717005
504,0.6774193548387096,0.0,0.0,11.185539956928595,11.185539956928595
505,0.678763440860215,0.0,0.0,11.286021335716452,11.286021335716452
506,0.6801075268817204,0.0,0.0,11.369568756577006,11.369568756577006
507,0.6814516129032258,0.0,0.0,11.441248576855095,11.441248576855095
508,0.6827956989247311,0.0,0.0,11.505892761976554,11.505892761976554
509,0.6841397849462365,0.0,0.0,11.568569921148097,11.568569921148097
510,0.6854838709677419,0.0,0.0,11.62782517679718,11.62782517679718
511,0.6868279569892473,0.0,0.0,11.68366998651149,11.68366998651149
512,0.6881720430107527,0.0,0.0,11.731946264521516,11.731946264521516
513,0.6895161290322581,0.0,0.0,11.770934653948995,11.770934653948995
514,0.6908602150537635,0.0,0.0,11.802938452726973,11.802938452726973
515,0.6922043010752689,0.0,0.0,11.831293298729886,11.831293298729886
516,0.6935483870967742,0.0,0.0,11.850365182253768,11.850365182253768
517,0.6948924731182796,0.0,0.0,11.861326864731156,11.861326864731156
518,0.696236559139785,0.0,0.0,11.87814154349994,11.87814154349994
519,0.6975806451612904,0.0,0.0,11.898685890586345,11.898685890586345
520,0.6989247311827957,0.0,0.0,11.919019107513332,11.919019107513332
521,0.7002688172043011,0.0,0.0,11.938562223062982,11.938562223062982
522,0.7016129032258065,0.0,0.0,11.972188514355093,11.972188514355093
523,0.7029569892473119,0.0,0.0,12.003141759436685,12.003141759436685
524,0.7043010752688172,0.0,0.0,12.024180706658324,12.024180706658324
525,0.7056451612903226,0.0,0.0,12.040888756265321,12.040888756265321
526,0.706989247311828,0.0,0.0,12.05604463105461,12.05604463105461
527,0.7083333333333334,0.0,0.0,12.069824551862986,12.069824551862986
528,0.7096774193548387,0.0,0.0,12.081859293059724,12.081859293059724
529,0.7110215053763441,0.0,0.0,12.092352169478339,12.092352169478339
530,0.7123655913978495,0.0,0.0,12.10185966348137,12.10185966348137
531,0.7137096774193549,0.0,0.0,12.11052758882985,12.11052758882985
532,0.7150537634408602,0.0,0.0,12.120184852888992,12.120184852888992
533,0.7163978494623656,0.0,0.0,12.13229598133843,12.13229598133843
534,0.717741935483871,89.0480632488267,0.9924898541714593,12.145467382478124,12.145467382478124
535,0.7190860215053764,53.58462572904325,0.5972302533637766,16.62495415249703,3.376589949286027
536,0.7204301075268817,22.175145303053945,0.24715424373195358,11.453710868069681,3.4815146017969316
537,0.7217741935483871,12.14835809106977,0.13540016155699344,9.25627333203106,5.957106673986385
538,0.7231182795698925,8.99592383670509,0.10026454041881289,9.402052938318315,7.594648413283481
539,0.7244623655913979,4.796699947049995,0.053461870559151366,9.86758105695074,8.529188384670059
540,0.7258064516129032,5.357014731085113,0.059706888339529134,10.058275046909914,9.344633160118192
541,0.7271505376344086,0.8865618072975994,0.009881221070244596,10.45245476102368,9.655450540942374
542,0.728494623655914,0.045848324275052775,0.0005110049002031773,10.427291959970011,10.295391351655654
543,0.7298387096774194,0.0,0.0,10.693138752933327,10.686317545644343
544,0.7311827956989247,0.0796313000566706,0.0008875348266686763,10.923379787651044,10.923379787651044
545,0.7325268817204301,10.04030040229682,0.11190469414554632,11.093504384434812,11.081657024406576
546,0.7338709677419355,15.373184436395062,0.1713426325376001,11.72989182816706,10.236119234061519
547,0.7352150537634409,16.354821189820928,0.18228351640089757,11.727815421942502,9.440628716855118
548,0.7365591397849462,18.722042564232865,0.20866750624823008,11.458703511820818,9.025471168567185
549,0.7379032258064516,19.39625423804601,0.21618196778069151,11.377496136274557,8.592074090363372
550,0.739247311827957,0.0,0.0,11.181669344569613,8.295939650419367
551,0.7405913978494624,0.0,0.0,10.01829411518734,10.01829411518734
552,0.7419354838709677,0.0,0.0,10.61921253477744,10.61921253477744
553,0.7432795698924731,0.0,0.0,10.9431100130077,10.9431100130077
554,0.7446236559139785,0.0,0.0,11.146440506090698,11.146440506090698
555,0.7459677419354839,0.0,0.0,11.287661739431671,11.287661739431671
556,0.7473118279569892,0.0,0.0,11.397460316610054,11.397460316610054
557,0.7486559139784946,0.0,0.0,11.487923382042013,11.487923382042013
558,0.75,67.9341859992553,0.7571640291294721,11.559248030157573,11.559248030157573
559,0.7513440860215054,40.80500860479697,0.4547943611808278,15.027805486605779,4.920714943244964
560,0.7526881720430108,13.690309628530757,0.15258606320066873,11.126007169704561,5.05513268250866
561,0.7540322580645161,6.658141912617137,0.07420866950740035,9.33650612922408,7.299693632733409
562,0.7553763440860215,3.142781975569933,0.03502804115919043,9.64116841069498,8.650585507970503
563,0.7567204301075269,1.6848052636232551,0.01877808533272939,10.026206206201644,9.558630397087278
564,0.7580645161290323,3.091624897957769,0.03445786727054267,10.372004929387614,10.121343512062944
565,0.7594086021505376,0.055983217009538115,0.000623963878142827,10.738810102618405,10.278845324794904
566,0.760752688172043,0.014961032131859326,0.00016674896743472102,10.727350836001442,10.719021782890682
567,0.7620967741935484,0.07239209096060964,0.0008068498424260694,10.951070383682646,10.948844516040978
568,0.7634408602150538,0.11486211765750062,0.0012802017499826967,11.111173305033434,11.100402977735039
569,0.7647849462365591,9.503633701308832,0.10592324731369437,11.230372925541888,11.213284006228433
570,0.7661290322580645,14.758334277169617,0.164489787875928,11.793417196683212,10.37948862894978
571,0.7674731182795699,15.816224033073992,0.17628055357324762,11.775405462862908,9.579694737629902
572,0.7688172043010753,17.42284583845979,0.19418724107615687,11.498765576440466,9.145664468286899
573,0.7701612903225806,18.126496962596917,0.20202982154453827,11.363577297923358,8.771446725927388
574,0.771505376344086,0.0,0.0,11.190024941069197,8.493206787732817
575,0.7728494623655914,0.0,0.0,10.102647613657545,10.102647613657545
576,0.7741935483870968,0.0,0.0,10.661588204512375,10.661588204512375
577,0.7755376344086021,0.0,0.0,10.958629984188,10.958629984188
578,0.7768817204301075,0.0,0.0,11.143766204020727,11.143766204020727
579,0.7782258064516129,0.0,0.0,11.270963804920227,11.270963804920227
580,0.7795698924731183,0.0,0.0,11.369068303815222,11.369068303815222
581,0.7809139784946236,0.0,0.0,11.448650557464326,11.448650557464326
582,0.782258064516129,60.62258481223372,0.675672195044439,11.515261086074256,11.515261086074256
583,0.7836021505376344,36.551731953891284,0.4073892434388215,14.614659614833549,5.595372128610735
584,0.7849462365591398,9.564925671655484,0.1066063801802818,11.143851606266068,5.705769748941928
585,0.7862903225806451,2.892787954785961,0.03224171970334573,9.405736707156624,7.98268926231055
586,0.7876344086021505,0.74177762537638,0.008267521385392457,9.76509258157318,9.334710302729274
587,0.7889784946236559,0.0,0.0,10.237073477067023,10.126713523349459
588,0.7903225806451613,0.0,0.0,10.578012969340982,10.578012969340982
589,0.7916666666666666,0.0,0.0,10.817650155171599,10.817650155171599
590,0.793010752688172,0.0,0.0,10.985093008652981,10.985093008652981
591,0.7943548387096774,0.0,0.0,11.114245706166521,11.114245706166521
592,0.7956989247311828,0.0,0.0,11.217643180115463,11.217643180115463
593,0.7970430107526881,3.533699266757225,0.0393850303082912,11.303202876196053,11.303202876196053
594,0.7983870967741935,8.298546693784552,0.09249188693677508,11.575415622802502,11.049680046276796
595,0.7997311827956989,10.185084584218039,0.11351839383039845,11.76188367361224,10.527245154306108
596,0.8010752688172043,12.307620691183113,0.1371752312103308,11.672855767841831,10.157542519139497
597,0.8024193548387096,13.09042050143717,0.14589996750643136,11.624242282393281,9.793143037301975
598,0.803763440860215,0.0,0.0,11.483751720149654,9.536189335871692
599,0.8051075268817204,0.0,0.0,10.673975803412885,10.673975803412885
600,0.8064516129032258,0.0,0.0,11.063109164314584,11.063109164314584
601,0.8077956989247311,0.0,0.0,11.267126124259974,11.267126124259974
602,0.8091397849462365,0.0,0.0,11.392195480930827,11.392195480930827
603,0.8104838709677419,0.0,0.0,11.476870924838025,11.476870924838025
604,0.8118279569892473,0.0,0.0,11.544650858155958,11.544650858155958
605,0.8131720430107527,0.0,0.0,11.605412641868318,11.605412641868318
606,0.8145161290322581,56.00734770652499,0.6242328280903023,11.659340195114954,11.659340195114954
607,0.8158602150537635,33.15992118541685,0.3695856388216853,14.51688143284947,6.184238212990399
608,0.8172043010752689,10.105935898101107,0.1126362380026793,11.27477788793912,6.341321765635828
609,0.8185483870967742,4.336286248540517,0.048330305561321556,9.783427759818181,8.279890068962093
610,0.8198924731182796,1.2909922887975385,0.01438882218993157,10.070539396059438,9.425396790885515
611,0.821236559139785,0.05694844488901291,0.0006347218760418413,10.39885533013454,10.206784493313144
612,0.8225806451612904,1.3937890579616041,0.015534548966176589,10.692792352288025,10.684319694813286
613,0.8239247311827957,0.0,0.0,11.003887793743763,10.796523092158644
614,0.8252688172043011,0.0,0.0,11.04773970742427,11.04773970742427
615,0.8266129032258065,0.0,0.0,11.195277706932327,11.195277706932327
616,0.8279569892473119,0.0,0.0,11.304170625206648,11.304170625206648
617,0.8293010752688172,6.57030617558493,0.07322969169859005,11.390728512705818,11.390728512705818
618,0.8306451612903226,12.016604485521462,0.133931694843778,11.80828703857467,10.830772132972246
619,0.831989247311828,13.473615969588664,0.15017089267234002,11.905606542080967,10.117804012729215
620,0.8333333333333334,14.967306113075912,0.1668188944210646,11.694194064451535,9.689620747674065
621,0.8346774193548387,15.655030977201703,0.17448396792411225,11.56216020770728,9.335359137672903
622,0.8360215053763441,0.0,0.0,11.400453690090133,9.071334510720995
623,0.8373655913978495,0.0,0.0,10.447386067198673,10.447386067198673
624,0.8387096774193549,0.0,0.0,10.918736129172256,10.918736129172256
625,0.8400537634408602,0.0,0.0,11.164566632631757,11.164566632631757
626,0.8413978494623656,0.0,0.0,11.314646207343804,11.314646207343804
627,0.842741935483871,0.0,0.0,11.41569209976144,11.41569209976144
628,0.8440860215053764,0.0,0.0,11.494868470260364,11.494868470260364
629,0.8454301075268817,0.0,0.0,11.563855176627131,11.563855176627131
630,0.8467741935483871,55.356301501819246,0.6169765585074173,11.624017602791152,11.624017602791152
631,0.8481182795698925,34.448983018455436,0.38395294501581884,14.454451083664324,6.2186690073088275
632,0.8494623655913979,11.198091243726836,0.12480891262541391,11.339866066243808,6.214626315847078
633,0.8508064516129032,3.7774193063246106,0.042101424777792294,9.78349481747164,8.11746878877375
634,0.8521505376344086,0.44352221061866837,0.004943300034597051,9.965737097676515,9.40374141924621
635,0.853494623655914,0.0,0.0,10.32825045152682,10.262264246278647
636,0.8548387096774194,0.007239209096060964,8.068498424260693e-05,10.699987875431303,10.699987875431303
637,0.8561827956989247,0.0,0.0,10.938041358678339,10.9369643259485
638,0.8575268817204301,0.0,0.0,11.100974633329612,11.100974633329612
639,0.8588709677419355,0.0,0.0,11.225973211707077,11.225973211707077
640,0.8602150537634409,0.0,0.0,11.325492892149944,11.325492892149944
641,0.8615591397849462,1.80256306491918,0.02009056107640913,11.407232500944488,11.407232500944488
642,0.8629032258064516,7.601169550864012,0.08471923345473728,11.581675488871777,11.313494339141716
643,0.864247311827957,9.229026369598255,0.10286259691142485,11.876064018937786,10.745179652606202
644,0.8655913978494624,10.776286660396352,0.1201076675435447,11.763643260476135,10.390570134294618
645,0.8669354838709677,11.160929970367057,0.12439472970630187,11.690437832639876,10.087166911000642
646,0.8682795698924731,0.0,0.0,11.555528773500887,9.895031512816175
647,0.8696236559139785,0.0,0.0,10.875673608222943,10.875673608222943
648,0.8709677419354839,0.0,0.0,11.213303634991647,11.213303634991647
649,0.8723118279569892,0.0,0.0,11.39147592371397,11.39147592371397
650,0.8736559139784946,0.0,0.0,11.501749774200668,11.501749774200668
651,0.875,0.0,0.0,11.577130197411641,11.577130197411641
652,0.8763440860215054,0.0,0.0,11.637306129723362,11.637306129723362
653,0.8776881720430108,0.0,0.0,11.689456189359513,11.689456189359513
654,0.8790322580645161,45.801993336837974,0.5104885163040245,11.735309815807943,11.735309815807943
655,0.8803763440860215,29.185112777739644,0.32528420347354464,14.073649739710522,7.259335460197335
656,0.8817204301075269,19.75387116739142,0.2201678060022763,11.527450333248183,7.185356981808825
657,0.8830645161290323,16.52711436630718,0.18420381902587166,10.703174441239788,7.7642393302354655
658,0.8844086021505376,15.734662277258373,0.17537150275078092,10.608473267081274,8.149607544857458
659,0.885752688172043,14.704764129858766,0.16389271899253272,10.665042420712364,8.32407588131499
660,0.8870967741935484,18.87840948070778,0.21041030190787036,10.640944692915127,8.453204009882935
661,0.8884408602150538,19.26305279067849,0.2146973640706276,10.86534721438817,8.056661261512449
662,0.8897849462365591,19.352818983469643,0.21569785787523588,10.715565695012659,7.8496534030914615
663,0.8911290322580645,18.24232430813389,0.20332078129241998,10.594479143081994,7.715211645310785
664,0.8924731182795699,17.26310062440671,0.19240679242387002,10.441448242246668,7.727397565232855
665,0.8938172043010753,21.05741141862213,0.23469648216489505,10.356235559621725,7.787871509864216
666,0.8951612903225806,0.0,0.0,10.554419785182478,7.421546980625037
667,0.896505376344086,0.0,0.0,9.342950546094622,9.342950546094622
668,0.8978494623655914,0.0,0.0,10.049887358476202,10.049887358476202
669,0.8991935483870968,0.0,0.0,10.45339401938801,10.45339401938801
670,0.9005376344086021,0.0,0.0,10.712026741043015,10.712026741043015
671,0.9018817204301075,0.0,0.0,10.892269667726,10.892269667726
672,0.9032258064516129,0.0,0.0,11.03212693314726,11.03212693314726
673,0.9045698924731183,0.0,0.0,11.144751780663846,11.144751780663846
674,0.9059139784946236,0.0,0.0,11.239236858756504,11.239236858756504
675,0.907258064516129,0.0,0.0,11.320994078872271,11.320994078872271
676,0.9086021505376344,0.0,0.0,11.39401754521167,11.39401754521167
677,0.9099462365591398,0.0,0.0,11.46244383179816,11.46244383179816
678,0.9112903225806451,0.0,0.0,11.525251522155765,11.525251522155765
679,0.9126344086021505,0.0,0.0,11.583625998550252,11.583625998550252
680,0.9139784946236559,0.0,0.0,11.634098033968417,11.634098033968417
681,0.9153225806451613,0.0,0.0,11.674894080199937,11.674894080199937
682,0.9166666666666666,0.0,0.0,11.70877128687351,11.70877128687351
683,0.918010752688172,0.0,0.0,11.738893682256698,11.738893682256698
684,0.9193548387096774,0.0,0.0,11.760048686485817,11.760048686485817
685,0.9206989247311828,0.0,0.0,11.77319088029671,11.77319088029671
686,0.9220430107526881,0.0,0.0,11.791013190491546,11.791013190491546
687,0.9233870967741935,0.0,0.0,11.812019414276092,11.812019414276092
688,0.9247311827956989,0.0,0.0,11.83327573485024,11.83327573485024
689,0.9260752688172043,0.0,0.0,11.853889883408588,11.853889883408588
690,0.9274193548387096,0.0,0.0,11.887454611283502,11.887454611283502
691,0.928763440860215,0.0,0.0,11.918766171849015,11.918766171849015
692,0.9301075268817204,0.0,0.0,11.941454605340915,11.941454605340915
693,0.9314516129032258,0.0,0.0,11.959549242427993,11.959549242427993
694,0.9327956989247311,0.0,0.0,11.975437411838946,11.975437411838946
695,0.9341397849462365,0.0,0.0,11.990031740787595,11.990031740787595
696,0.9354838709677419,0.0,0.0,12.00295633757957,12.00295633757957
697,0.9368279569892473,0.0,0.0,12.014187404956257,12.014187404956257
698,0.9381720430107527,0.0,0.0,12.024461345394485,12.024461345394485
699,0.9395161290322581,0.0,0.0,12.033979499574974,12.033979499574974
700,0.9408602150537635,0.0,0.0,12.044376876868002,12.044376876868002
701,0.9422043010752689,0.0,0.0,12.056577959469369,12.056577959469369
702,0.9435483870967742,86.64657628469341,0.9657239553987119,12.069958997493798,12.069958997493798
703,0.9448924731182796,52.491022541598305,0.5850414417441934,16.429212638123335,3.5381360924911243
704,0.946236559139785,22.31462073163805,0.24870877442836112,11.415563690766524,3.606071168881543
705,0.9475806451612904,14.869818097248958,0.16573233663326417,9.283589894388388,5.963672405748802
706,0.9489247311827957,13.075942083245051,0.14573859753794616,9.519271597942346,7.30697456866981
707,0.9502688172043011,10.130066595087976,0.11290518795015465,9.934306075473152,7.988897756654869
708,0.9516129032258065,12.034943815231484,0.1341360968038593,10.068589303649704,8.56146150369415
709,0.9529569892473119,8.637341679480205,0.09626794419932909,10.408323589498217,8.617792577230869
710,0.9543010752688172,5.568882250629831,0.06206826887836277,10.303828953356172,9.018785302293546
711,0.9556451612903226,5.4921466342115846,0.06121300804539113,10.32468911672931,9.496163738754698
712,0.956989247311828,5.5447515536429615,0.061799318930887415,10.543004606731886,9.725895775693573
713,0.9583333333333334,15.078307319215513,0.16805606417945124,10.68725194290573,9.862316674030582
714,0.9596774193548387,20.89621836274984,0.23289989651575965,11.271699108061199,9.028383536169283
715,0.9610215053763441,22.248502621894026,0.24797185157227863,11.279109002124637,8.170218126351624
716,0.9623655913978495,23.840163395147965,0.26571179010775314,10.99106383081427,7.68098324110722
717,0.9637096774193549,24.572288741729597,0.27387173151415545,10.827375094125149,7.280490908217365
718,0.9650537634408602,0.0,0.0,10.63265532139619,6.976847225410626
719,0.9663978494623656,0.0,0.0,9.200087553289857,9.200087553289857
720,0.967741935483871,0.0,0.0,9.989248589463667,9.989248589463667
721,0.9690860215053764,0.0,0.0,10.419492566136324,10.419492566136324
722,0.9704301075268817,0.0,0.0,10.692515294791674,10.692515294791674
723,0.9717741935483871,0.0,0.0,10.883237750563945,10.883237750563945
724,0.9731182795698925,0.0,0.0,11.031041739375492,11.031041739375492
725,0.9744623655913979,0.0,0.0,11.151708713556722,11.151708713556722
726,0.9758064516129032,77.30027472773898,0.861554261742557,11.248187306223022,11.248187306223022
727,0.9771505376344086,46.708824929604546,0.5205956553301484,15.207741856000768,3.707186366773472
728,0.978494623655914,19.26643108825665,0.2147350170632741,10.792364827579854,3.8431342481087607
729,0.9798387096774194,11.947108078199276,0.13315711899504898,8.925564152996703,6.0591492458015805
730,0.9811827956989247,7.306775047624199,0.08143804409553793,9.177472620920168,7.4000096057748745
731,0.9825268817204301,5.121499128493263,0.057081936852169654,9.48330495796953,8.396219922651422
732,0.9838709677419355,7.147512447510858,0.07966297444220058,9.809676602956898,9.047711847686372
733,0.9852150537634409,2.4724312132746875,0.027556611618325018,10.234994453733306,9.17160413847167
734,0.9865591397849462,2.059313680859475,0.022952188517546913,10.127834914189844,9.759992335858625
735,0.9879032258064516,2.1867237609501484,0.024372244240216803,10.384580818554802,10.07820090800643
736,0.989247311827957,2.784682432284784,0.031036823938656137,10.5891931516635,10.26385746506995
737,0.9905913978494624,14.27234203985406,0.15907313593377434,10.75778798038984,10.34348939031154
738,0.9919354838709677,19.949329812985066,0.2223463005768267,11.418878748577898,9.295472820608124
739,0.9932795698924731,21.589251980212744,0.2406241390072519,11.339368754535887,8.371353759825896
740,0.9946236559139785,23.47820294034492,0.26167754089562284,11.029907623751157,7.817908814641501
741,0.9959677419354839,24.319881651246938,0.27105851506356327,10.84844319207065,7.355410642654845
742,0.9973118279569892,0.0,0.0,10.629501981173949,7.0112464263687935
743,0.9986559139784946,0.0,0.0,9.188080280428794,9.188080280428794
744,1.0,0.0,0.0,9.95024115362531,9.95024115362531
745,1.0014880952380953,0.0,0.0,10.35755587457965,10.35755587457965
746,1.0029761904761905,0.0,0.0,10.61258144422488,10.61258144422488
747,1.0044642857142858,0.0,0.0,10.788349921691397,10.788349921691397
748,1.005952380952381,0.0,0.0,10.923795980762073,10.923795980762073
749,1.0074404761904763,0.0,0.0,11.033533598457373,11.033533598457373
750,1.0089285714285714,75.21200421049525,0.8382793332880395,11.125411745246891,11.125411745246891
751,1.0104166666666667,45.16204725274619,0.5033559636969781,14.978631342847692,3.7887638950881284
752,1.0119047619047619,12.732320958152023,0.14190875028589708,10.669796779843358,3.9506921936479924
753,1.0133928571428572,4.629232909961117,0.051595357923672376,8.578808985946761,6.684523820704865
754,1.0148809523809523,2.2653898331273443,0.025249021068986466,9.002252410442376,8.313525880800944
755,1.0163690476190477,0.6703507622952453,0.007471429540865403,9.580005158748856,9.24296571649105
756,1.0178571428571428,1.3136751439651961,0.014641635140558405,9.945978984498137,9.846245753714989
757,1.0193452380952381,-4.330958477619393,-0.04827092461139803,10.289569145711969,10.094123606337076
758,1.0208333333333333,-4.538485336022826,-0.05058392608407406,10.194669011932557,10.839018963712581
759,1.0223214285714286,-0.31933724742079234,-0.003559190021219843,10.546829663818338,11.222054980000104
760,1.0238095238095237,0.0,0.0,11.009908926927721,11.057419181537748
761,1.025297619047619,3.3227969750919826,0.037034407767356586,11.051918541690323,11.051918541690323
762,1.0267857142857142,7.599239095105062,0.08469771745893925,11.28242725228534,10.788069229288961
763,1.0282738095238095,9.058663648870953,0.10096381028224881,11.44224847513181,10.311651317528183
764,1.0297619047619047,11.302818468649852,0.12597615539745696,11.357550115627024,10.009823159687732
765,1.03125,11.874715987238666,0.1323502691526229,11.354435178387646,9.672828076198078
766,1.0327380952380953,0.0,0.0,11.225475200738567,9.45878251289167
767,1.0342261904761905,0.0,0.0,10.502346750327861,10.502346750327861
768,1.0357142857142858,0.0,0.0,10.865311881930284,10.865311881930284
769,1.037202380952381,0.0,0.0,11.05958803754356,11.05958803754356
770,1.0386904761904763,0.0,0.0,11.181075660776603,11.181075660776603
771,1.0401785714285714,0.0,0.0,11.264369348885129,11.264369348885129
772,1.0416666666666667,0.0,0.0,11.331204131108562,11.331204131108562
773,1.0431547619047619,0.0,0.0,11.393569611789014,11.393569611789014
774,1.0446428571428572,53.364553772522996,0.5947774298428012,11.451022364951827,11.451022364951827
775,1.0461309523809523,31.44085033207224,0.35042564456354097,14.179991724802557,6.240537253516932
776,1.0476190476190477,5.801984783522995,0.06466632537097472,11.089079288397617,6.411382538340238
777,1.0491071428571428,2.3763910392669456,0.026486190827373104,9.49546390879927,8.632258076923822
778,1.0505952380952381,0.44400482455840573,0.004948679033546558,10.02083232047298,9.667278376357633
779,1.0520833333333333,0.0,0.0,10.390947019908063,10.3248890124779
780,1.0535714285714286,0.0014478418192121927,1.6136996848521388e-05,10.68383123670883,10.68383123670883
781,1.0550595238095237,0.0,0.0,10.878881252643506,10.878665846097539
782,1.056547619047619,-1.5441692362018684,-0.017210619121177117,11.017888600210787,11.017888600210787
783,1.0580357142857142,-0.4353828784463853,-0.004852582681450926,11.04887001022615,11.278607925754212
784,1.0595238095238095,0.0,0.0,11.251137345589537,11.315912599885436
785,1.0610119047619047,1.3619365379389359,0.015179535035509117,11.338227325216545,11.338227325216545
786,1.0625,5.365701782000387,0.05980371032062027,11.470076857019743,11.26745109944592
787,1.0639880952380953,6.754182086624879,0.07527909029835227,11.680827576512469,10.882530917155353
788,1.0654761904761905,8.36032127807094,0.093180398802312,11.629300029791159,10.624428492850807
789,1.0669642857142858,9.359332133327351,0.10431492662779175,11.611010223131213,10.36718102453045
790,1.068452380952381,0.0,0.0,11.538191071364388,10.145731356045758
791,1.0699404761904763,0.0,0.0,10.947476637752162,10.947476637752162
792,1.0714285714285714,0.0,0.0,11.221146761081895,11.221146761081895
793,1.0729166666666667,0.0,0.0,11.3648512181377,11.3648512181377
794,1.0744047619047619,0.0,0.0,11.453462939742714,11.453462939742714
795,1.0758928571428572,0.0,0.0,11.513919099188483,11.513919099188483
796,1.0773809523809523,0.0,0.0,11.563781793907587,11.563781793907587
797,1.0788690476190477,0.0,0.0,11.611513181984408,11.611513181984408
798,1.0803571428571428,38.25680700298351,0.4263932467274301,11.655718086652644,11.655718086652644
799,1.0818452380952381,22.039048172048,0.24563736602819256,13.615101769139173,7.923342802846811
800,1.0833333333333333,2.919814335411256,0.03254294364451814,11.377190604757576,8.098272162033885
801,1.0848214285714286,0.11341427583828842,0.0012640647531341753,10.220314364124434,9.785911163089127
802,1.0863095238095237,0.0,0.0,10.620658354070759,10.603784841303272
803,1.087797619047619,0.0,0.0,10.988743182463296,10.988743182463296
804,1.0892857142857142,0.0,0.0,11.189725753079898,11.189725753079898
805,1.0907738095238095,0.0,0.0,11.303798196854055,11.303798196854055
806,1.0922619047619047,0.0,0.0,11.391286400628857,11.391286400628857
807,1.09375,0.0,0.0,11.464015640906235,11.464015640906235
808,1.0952380952380953,0.0,0.0,11.524326224845742,11.524326224845742
809,1.0967261904761905,2.2316068573457266,0.024872491142520967,11.575297584076917,11.575297584076917
810,1.0982142857142858,5.757101687127416,0.06416607846867055,11.750063161194849,11.418049871676294
811,1.099702380952381,7.4023326076922045,0.08250308588754035,11.897256382118755,11.040728153168311
812,1.1011904761904763,9.215995793225344,0.10271736393978814,11.844803322977338,10.743501455625347
813,1.1026785714285714,10.374269248595098,0.11562696141860525,11.807947446818282,10.436812979550476
814,1.1041666666666667,0.0,0.0,11.714157700605034,10.170697996562891
815,1.1056547619047619,0.0,0.0,11.046736402902946,11.046736402902946
816,1.1071428571428572,0.0,0.0,11.341023991654662,11.341023991654662
817,1.1086309523809523,0.0,0.0,11.492945631561959,11.492945631561959
818,1.1101190476190477,0.0,0.0,11.584647471310346,11.584647471310346
819,1.1116071428571428,0.0,0.0,11.646731371584153,11.646731371584153
820,1.1130952380952381,0.0,0.0,11.696328684709556,11.696328684709556
821,1.1145833333333333,0.0,0.0,11.739384556974906,11.739384556974906
822,1.1160714285714286,40.36389946387698,0.44987795614097825,11.777272295163911,11.777272295163911
823,1.1175595238095237,26.201110788343314,0.29202585296874206,13.835852522250565,7.830605229392891
824,1.119047619047619,19.118751222697004,0.2130890433847249,11.61413989925999,7.715999439060517
825,1.1205357142857142,17.796871641756272,0.1983559652620249,10.92883282636283,8.084389386856436
826,1.1220238095238095,15.898268402829352,0.17719498339466386,10.862067277122915,8.21429001408523
827,1.1235119047619047,15.128499168948201,0.16861548007019997,10.75730982844921,8.392002349357462
828,1.125,19.4271415301892,0.21652622371345995,10.729087976585568,8.478304977766763
829,1.1264880952380953,19.564203889074626,0.21805385941512004,10.935953372838085,8.045628339040524
830,1.1279761904761905,17.657878827111904,0.19680681356456686,10.751879442640629,7.8411625891581025
831,1.1294642857142858,15.100507560443432,0.16830349813112855,10.523729167031826,7.896630932407063
832,1.130952380952381,16.925753480530272,0.18864687215816453,10.36662468563821,8.120006213374785
833,1.1324404761904763,21.408271752811217,0.23860701440118673,10.51444709701058,7.996272772463596
834,1.1339285714285714,0.0,0.0,10.695054968290817,7.509981977427151
835,1.1354166666666667,0.0,0.0,9.414844419184904,9.414844419184904
836,1.1369047619047619,0.0,0.0,10.104089762140267,10.104089762140267
837,1.1383928571428572,0.0,0.0,10.494344190386794,10.494344190386794
838,1.1398809523809523,0.0,0.0,10.743593546657637,10.743593546657637
839,1.1413690476190477,0.0,0.0,10.917812670405144,10.917812670405144
840,1.1428571428571428,0.0,0.0,11.053755176090288,11.053755176090288
841,1.1443452380952381,0.0,0.0,11.163452485860127,11.163452485860127
842,1.1458333333333333,0.0,0.0,11.255408877060084,11.255408877060084
843,1.1473214285714286,0.0,0.0,11.335175246839544,11.335175246839544
844,1.1488095238095237,0.0,0.0,11.405431323226193,11.405431323226193
845,1.150297619047619,0.0,0.0,11.46825330491757,11.46825330491757
846,1.1517857142857142,0.0,0.0,11.52526763343295,11.52526763343295
847,1.1532738095238095,0.0,0.0,11.578999107828356,11.578999107828356
848,1.1547619047619047,0.0,0.0,11.625196241416766,11.625196241416766
849,1.15625,0.0,0.0,11.661897753718037,11.661897753718037
850,1.1577380952380953,0.0,0.0,11.693476993102284,11.693476993102284
851,1.1592261904761905,0.0,0.0,11.721922837345673,11.721922837345673
852,1.1607142857142858,0.0,0.0,11.743620976032574,11.743620976032574
853,1.162202380952381,0.0,0.0,11.759518050613096,11.759518050613096
854,1.1636904761904763,0.0,0.0,11.778850255211584,11.778850255211584
855,1.1651785714285714,0.0,0.0,11.800171424564809,11.800171424564809
856,1.1666666666666667,0.0,0.0,11.8206652743062,11.8206652743062
857,1.1681547619047619,0.0,0.0,11.840016029946025,11.840016029946025
858,1.1696428571428572,0.0,0.0,11.867993385915387,11.867993385915387
859,1.1711309523809523,0.0,0.0,11.893717827789226,11.893717827789226
860,1.1726190476190477,0.0,0.0,11.912355571899562,11.912355571899562
861,1.1741071428571428,0.0,0.0,11.927986848089356,11.927986848089356
862,1.1755952380952381,0.0,0.0,11.942654877087795,11.942654877087795
863,1.1770833333333333,0.0,0.0,11.956388060801055,11.956388060801055
864,1.1785714285714286,0.0,0.0,11.968737967453901,11.968737967453901
865,1.1800595238095237,0.0,0.0,11.979789365495108,11.979789365495108
866,1.181547619047619,0.0,0.0,11.98987466609554,11.98987466609554
867,1.1830357142857142,0.0,0.0,11.999091604550703,11.999091604550703
868,1.1845238095238095,0.0,0.0,12.00898952166291,12.00898952166291
869,1.1860119047619047,0.0,0.0,12.02069738026263,12.02069738026263
870,1.1875,77.99716925671977,0.8693215362256451,12.033070406829987,12.033070406829987
871,1.1889880952380953,47.189508413583,0.5259531382838576,15.957398429788736,4.3531605897688825
872,1.1904761904761905,15.441233001898036,0.1721010713894806,11.441482408876318,4.420736856143876
873,1.1919642857142858,9.722257816009874,0.10835993383782111,9.29535596549398,6.998045152746105
874,1.193452380952381,7.366136562211899,0.08209966096632731,9.73407872844751,8.287623772272923
875,1.1949404761904763,5.106055482421667,0.05690980888578543,10.136941038687517,9.041024334984726
876,1.1964285714285714,7.350692916140303,0.08192753299994308,10.354999404723472,9.595332319276604
877,1.1979166666666667,1.7354797272956815,0.019342880222427635,10.727361472680114,9.63374243880098
878,1.1994047619047619,0.8373351854443847,0.009332563177394868,10.519553784662767,10.26135313822922
879,1.2008928571428572,0.43386993182392036,0.004835720055606909,10.747416554501223,10.622839768749776
880,1.2023809523809523,0.0,0.0,10.931068538207942,10.866518376599554
881,1.2038690476190477,8.015252311158699,0.0893344145534144,11.06409976898463,11.06409976898463
882,1.2053571428571428,13.22796547426233,0.1474329822070409,11.604051236325935,10.411560597847526
883,1.2068452380952381,14.462974546050331,0.16119784051882965,11.664211284289147,9.696185278144233
884,1.2083333333333333,17.585486736151296,0.1959999637221408,11.447580965833467,9.295813175977916
885,1.2098214285714286,19.678583392792387,0.2193286821661532,11.419124883642834,8.802796976316467
886,1.2113095238095237,0.0,0.0,11.279479203182483,8.351745232568492
887,1.212797619047619,0.0,0.0,10.043306229255457,10.043306229255457
888,1.2142857142857142,0.0,0.0,10.624305583746096,10.624305583746096
889,1.2157738095238095,0.0,0.0,10.936193191244273,10.936193191244273
890,1.2172619047619047,0.0,0.0,11.131264165495406,11.131264165495406
891,1.21875,0.0,0.0,11.264883309486668,11.264883309486668
892,1.2202380952380953,0.0,0.0,11.367961041864127,11.367961041864127
893,1.2217261904761905,0.0,0.0,11.45300841524054,11.45300841524054
894,1.2232142857142858,53.644469857570684,0.5978972492335154,11.51949521388802,11.51949521388802
895,1.224702380952381,32.315346790876404,0.36017239066004786,14.26661165279626,6.285511915956837
896,1.2261904761904763,9.118025163458652,0.10162542715303818,11.197523456358105,6.389721152536103
897,1.2276785714285714,3.1432645895096702,0.03503342015813993,9.698072599834973,8.341513975510997
898,1.2291666666666667,0.40153479786151475,0.004475327125989931,9.990194016741079,9.522546405444722
899,1.2306547619047619,0.002413069698686988,2.6894994747535646e-05,10.35717575508161,10.297436339666506
900,1.2321428571428572,0.1804976134617867,0.0020117456071156664,10.707731053464489,10.707372042554542
901,1.2336309523809523,0.0,0.0,10.950734048544067,10.923880032480067
902,1.2351190476190477,0.0,0.0,11.095341306820059,11.095341306820059
903,1.2366071428571428,0.0,0.0,11.218413636187918,11.218413636187918
904,1.2380952380952381,0.0,0.0,11.315003210773883,11.315003210773883
905,1.2395833333333333,2.2842117767771026,0.02545880202801724,11.393959697945348,11.393959697945348
906,1.2410714285714286,7.993052069930778,0.08908698060173707,11.574783152699187,11.234943425343797
907,1.2425595238095237,10.102557600522942,0.11259858501003273,11.830542355648369,10.641354617541467
908,1.244047619047619,12.180693225032178,0.13576055448661042,11.728075115186247,10.225040039604085
909,1.2455357142857142,12.885792190988514,0.14361927195184035,11.654403313527004,9.842188042298886
910,1.2470238095238095,0.0,0.0,11.498234211192408,9.581115952077912
911,1.2485119047619047,0.0,0.0,10.696114320655013,10.696114320655013
912,1.25,0.0,0.0,11.077081661486051,11.077081661486051
913,1.2514880952380953,0.0,0.0,11.278133110826223,11.278133110826223
914,1.2529761904761905,0.0,0.0,11.402900480428798,11.402900480428798
915,1.2544642857142856,0.0,0.0,11.488681935714174,11.488681935714174
916,1.255952380952381,0.0,0.0,11.55569487715892,11.55569487715892
917,1.2574404761904763,0.0,0.0,11.610446925932756,11.610446925932756
918,1.2589285714285714,50.60255419540587,0.5639934188547719,11.656617557801434,11.656617557801434
919,1.2604166666666667,29.42255883609044,0.3279306709567021,14.234753481557338,6.706222897796515
920,1.2619047619047619,5.321301299544546,0.059308842417265605,11.27417836157105,6.896758336592951
921,1.2633928571428572,1.2509353317993346,0.01394236527712248,9.778883272496124,8.987192413882026
922,1.2648809523809523,0.03136990608293084,0.00034963493171796334,10.232906160048744,10.04679490433246
923,1.2663690476190477,0.0,0.0,10.645455924823477,10.640788782994171
924,1.2678571428571428,0.0,0.0,10.93617719665787,10.93617719665787
925,1.2693452380952381,0.0,0.0,11.102525350186063,11.102525350186063
926,1.2708333333333333,0.0,0.0,11.22422302709017,11.22422302709017
927,1.2723214285714286,0.0,0.0,11.320922800207073,11.320922800207073
928,1.2738095238095237,0.0,0.0,11.398989550716312,11.398989550716312
929,1.275297619047619,4.080018246539959,0.04547405711913327,11.463842823567909,11.463842823567909
930,1.2767857142857144,10.376199704354047,0.11564847741440326,11.742978016916021,11.13596237037842
931,1.2782738095238095,10.962575641134986,0.12218396113805444,11.96774568218282,10.423998769412721
932,1.2797619047619047,13.073529013546363,0.14571170254319862,11.725448183169084,10.094461619281976
933,1.28125,15.384767170948761,0.17147172851238826,11.666794693214749,9.721745385306413
934,1.2827380952380953,0.0,0.0,11.590031575891667,9.30112161843654
935,1.2842261904761905,0.0,0.0,10.594857234229766,10.594857234229766
936,1.2857142857142856,0.0,0.0,11.027290750092341,11.027290750092341
937,1.287202380952381,0.0,0.0,11.25005263377864,11.25005263377864
938,1.2886904761904763,0.0,0.0,11.384087273890191,11.384087273890191
939,1.2901785714285714,0.0,0.0,11.472306347984752,11.472306347984752
940,1.2916666666666667,0.0,0.0,11.541315640495467,11.541315640495467
941,1.2931547619047619,0.0,0.0,11.601687663746,11.601687663746
942,1.2946428571428572,49.009445580332724,0.546237343322449,11.654368051422354,11.654368051422354
943,1.2961309523809523,29.340031852395345,0.3270108621363364,14.159468133660628,6.867956552646508
944,1.2976190476190477,7.5364992829392,0.08399844759550332,11.343391854599982,6.978250002742057
945,1.2991071428571428,2.0096044450665236,0.022398151625747688,9.94909311178831,8.827830237843292
946,1.3005952380952381,0.13995804252384528,0.0015599096953570672,10.23489627617914,9.935911990375667
947,1.3020833333333333,0.0,0.0,10.615109157834304,10.594286525057406
948,1.3035714285714286,0.0,0.0,10.924050169267522,10.924050169267522
949,1.3050595238095237,0.0,0.0,11.10903447956398,11.10903447956398
950,1.306547619047619,0.0,0.0,11.23994020617496,11.23994020617496
951,1.3080357142857144,0.0,0.0,11.341723171679826,11.341723171679826
952,1.3095238095238095,0.0,0.0,11.42366616162908,11.42366616162908
953,1.3110119047619047,2.8044696038140176,0.03125736289558593,11.491481464108853,11.491481464108853
954,1.3125,8.025869817832922,0.08945275253030356,11.702918721319955,11.285676241780093
955,1.3139880952380953,10.181706286639876,0.1134807408377519,11.918794443132498,10.724724156650323
956,1.3154761904761905,11.823076295686768,0.13177471626502568,11.822508985438365,10.307698352009956
957,1.3169642857142856,12.286868291774404,0.136943934255502,11.721577664076323,9.96256780970228
958,1.318452380952381,0.0,0.0,11.564349838736561,9.736338087470795
959,1.3199404761904763,0.0,0.0,10.805663618965985,10.805663618965985
960,1.3214285714285714,0.0,0.0,11.16984016855075,11.16984016855075
961,1.3229166666666667,0.0,0.0,11.359667603430161,11.359667603430161
962,1.3244047619047619,0.0,0.0,11.475421875869566,11.475421875869566
963,1.3258928571428572,0.0,0.0,11.55327545251351,11.55327545251351
964,1.3273809523809523,0.0,0.0,11.614627086425916,11.614627086425916
965,1.3288690476190477,0.0,0.0,11.666850287099805,11.666850287099805
966,1.3303571428571428,48.806265111703276,0.5439727847647065,11.712446272669933,11.712446272669933
967,1.3318452380952381,29.92158164977891,0.3334925558704925,14.201246457434916,6.939963595038295
968,1.3333333333333333,6.777830169672011,0.07554266124687811,11.426145141489828,6.974481660334787
969,1.3348214285714286,1.100842396541004,0.012269496603825761,9.933232349003681,8.924842505145854
970,1.3363095238095237,0.004826139397373976,5.378998949507129e-05,10.24484075040016,10.081059973282551
971,1.337797619047619,0.0,0.0,10.686809462450835,10.686091440630943
972,1.3392857142857144,0.006756595156323566,7.53059852930998e-05,10.987392172343442,10.987392172343442
973,1.3407738095238095,0.0,0.0,11.161388278207188,11.160383047659337
974,1.3422619047619047,0.0,0.0,11.285805197910959,11.285805197910959
975,1.34375,0.0,0.0,11.384208806820082,11.384208806820082
976,1.3452380952380953,0.0,0.0,11.463331601127294,11.463331601127294
977,1.3467261904761905,2.977728008179743,0.033188423518458986,11.528660895702771,11.528660895702771
978,1.3482142857142856,7.948168973535201,0.08858673369943292,11.745921935421208,11.302902472547185
979,1.349702380952381,9.58567807106419,0.1068376771351106,11.939847765406501,10.757337630224605
980,1.3511904761904763,13.510294629008708,0.1505796965925026,11.820511209789764,10.39437627111815
981,1.3526785714285714,15.966799582272062,0.17795880124549388,11.854841741333454,9.844811458724795
982,1.3541666666666667,0.0,0.0,11.722226244370352,9.346722855436122
983,1.3556547619047619,0.0,0.0,10.65906718936028,10.65906718936028
984,1.3571428571428572,0.0,0.0,11.089655090379184,11.089655090379184
985,1.3586309523809523,0.0,0.0,11.309771938121955,11.309771938121955
986,1.3601190476190477,0.0,0.0,11.441499081409388,11.441499081409388
987,1.3616071428571428,0.0,0.0,11.527726643870263,11.527726643870263
988,1.3630952380952381,0.0,0.0,11.594675821465543,11.594675821465543
989,1.3645833333333333,0.0,0.0,11.651652303699596,11.651652303699596
990,1.3660714285714286,56.2862985636932,0.6273418894831174,11.701193340172802,11.701193340172802
991,1.3675595238095237,37.05847659061555,0.41303719233580394,14.568013678865452,6.1938687978165605
992,1.369047619047619,27.195778118142094,0.3031119698036763,11.491783596864469,5.978309448451557
993,1.3705357142857144,24.073265928041128,0.2683098466003651,10.512730540549441,6.466605783270004
994,1.3720238095238095,21.64813088086071,0.24128037687909182,10.339705711843905,6.758141072035285
995,1.3735119047619047,20.0878400136897,0.22389007327533525,10.242575243901513,7.02181656858916
996,1.375,24.85558312435545,0.2770292038975162,10.19289446425377,7.204272243312848
997,1.3764880952380953,25.351710254405496,0.2825588148176095,10.450294229291384,6.752338252478096
998,1.3779761904761905,25.548616741818353,0.2847534463890084,10.272483762774037,6.500715142875742
999,1.3794642857142856,24.67025937149629,0.2749636683009054,10.123163612488273,6.322099702338342
1000,1.380952380952381,23.4444199645633,0.2613010109691573,9.948629960765937,6.278246021836544
1001,1.3824404761904763,29.0890726037319,0.32421378268259265,9.813494307064282,6.32548791038773
1002,1.3839285714285714,0.0,0.0,10.08110219638768,5.753297479164194
1003,1.3854166666666667,0.0,0.0,8.372831654775377,8.372831654775377
1004,1.3869047619047619,0.0,0.0,9.325832377527432,9.325832377527432
1005,1.3883928571428572,0.0,0.0,9.864482091686007,9.864482091686007
1006,1.3898809523809523,0.0,0.0,10.208304249820168,10.208304249820168
1007,1.3913690476190477,0.0,0.0,10.4480016199036,10.4480016199036
1008,1.3928571428571428,0.0,0.0,10.634025788270947,10.634025788270947
1009,1.3943452380952381,0.0,0.0,10.783520034846006,10.783520034846006
1010,1.3958333333333333,0.0,0.0,10.908525008480284,10.908525008480284
1011,1.3973214285714286,0.0,0.0,11.016320547715607,11.016320547715607
1012,1.3988095238095237,0.0,0.0,11.111451484386517,11.111451484386517
1013,1.400297619047619,0.0,0.0,11.197736780233692,11.197736780233692
1014,1.4017857142857144,0.0,0.0,11.275803042715445,11.275803042715445
1015,1.4032738095238095,0.0,0.0,11.34808299162272,11.34808299162272
1016,1.4047619047619047,0.0,0.0,11.409767098595298,11.409767098595298
1017,1.40625,0.0,0.0,11.458206234681082,11.458206234681082
1018,1.4077380952380953,0.0,0.0,11.499678659255757,11.499678659255757
1019,1.4092261904761905,0.0,0.0,11.536890099939034,11.536890099939034
1020,1.4107142857142856,0.0,0.0,11.565282236229818,11.565282236229818
1021,1.412202380952381,0.0,0.0,11.585869611799131,11.585869611799131
1022,1.4136904761904763,0.0,0.0,11.610260303939848,11.610260303939848
1023,1.4151785714285714,0.0,0.0,11.637132569895128,11.637132569895128
1024,1.4166666666666667,0.0,0.0,11.663294644246953,11.663294644246953
1025,1.4181547619047619,0.0,0.0,11.688050550541126,11.688050550541126
1026,1.4196428571428572,0.0,0.0,11.723722348501767,11.723722348501767
1027,1.4211309523809523,0.0,0.0,11.756898021039554,11.756898021039554
1028,1.4226190476190477,0.0,0.0,11.781412184081272,11.781412184081272
1029,1.4241071428571428,0.0,0.0,11.801581180020424,11.801581180020424
1030,1.4255952380952381,0.0,0.0,11.820057696051268,11.820057696051268
1031,1.4270833333333333,0.0,0.0,11.83720206444357,11.83720206444357
1032,1.4285714285714286,0.0,0.0,11.852462900338733,11.852462900338733
1033,1.4300595238095237,0.0,0.0,11.866011307853,11.866011307853
1034,1.431547619047619,0.0,0.0,11.878170485123583,11.878170485123583
1035,1.4330357142857144,0.0,0.0,11.888820559104607,11.888820559104607
1036,1.4345238095238095,0.0,0.0,11.90050532530288,11.90050532530288
1037,1.4360119047619047,0.0,0.0,11.914952680781257,11.914952680781257
1038,1.4375,82.22245429912068,0.9164146720285801,11.930352612607273,11.930352612607273
1039,1.4389880952380953,48.505596627246874,0.5406216684191635,16.069589609199053,3.836723665862819
1040,1.4404761904761905,17.578247527055233,0.19591927873789816,11.24955022135041,4.033000118333127
1041,1.4419642857142856,6.819817582429165,0.07601063415548524,9.165113037762197,6.54986216316567
1042,1.443452380952381,3.1210643482817497,0.0347859862064626,9.322759225232698,8.308122591541801
1043,1.4449404761904763,1.3324970876149547,0.014851416099589183,9.830813159275255,9.366468448350407
1044,1.4464285714285714,2.6273502879303923,0.02928327028111681,10.217749173884624,10.019503349412147
1045,1.4479166666666667,-0.31375541533067686,-0.0034969774192270503,10.613610191397008,10.222719112647221
1046,1.4494047619047619,-1.1528328746411096,-0.012848959201273756,10.628882616991657,10.675562419576643
1047,1.4508928571428572,0.0,0.0,10.821142262597094,10.992658062396158
1048,1.4523809523809523,0.0,0.0,11.0710143792182,11.0710143792182
1049,1.4538690476190477,4.609445738431884,0.051374818966742584,11.165680992895647,11.165680992895647
1050,1.4553571428571428,8.465531116933692,0.09435302057330455,11.491709379017216,10.805926738837345
1051,1.4568452380952381,9.983834571347543,0.11127535126845398,11.590081096354623,10.33059902208019
1052,1.4583333333333333,11.49200313302691,0.12808472298566376,11.500773712931668,10.015401974118875
1053,1.4598214285714286,12.058591898278616,0.13439966775238513,11.452051247822617,9.74229769029324
1054,1.4613095238095237,0.0,0.0,11.342052700076403,9.54800338089158
1055,1.462797619047619,0.0,0.0,10.617957317394657,10.617957317394657
1056,1.4642857142857144,0.0,0.0,10.995580404656618,10.995580404656618
1057,1.4657738095238095,0.0,0.0,11.20526159752575,11.20526159752575
1058,1.4672619047619047,0.0,0.0,11.340930218617833,11.340930218617833
1059,1.46875,0.0,0.0,11.437815463240023,11.437815463240023
1060,1.4702380952380953,0.0,0.0,11.514416393647846,11.514416393647846
1061,1.4717261904761905,0.0,0.0,11.579871792696702,11.579871792696702
1062,1.4732142857142856,52.29652912388414,0.582873705167542,11.629860224837563,11.629860224837563
1063,1.474702380952381,28.684159508292222,0.31970080256395617,14.29481917732383,6.51426293478054
1064,1.4761904761904763,4.475279063184888,0.04987945725877961,11.149359360978575,6.881796674444117
1065,1.4776785714285714,1.2465918063416979,0.013893954286576913,9.704856201156167,9.039034567569324
1066,1.4791666666666667,0.0999010855256413,0.0011134527825479757,10.23446697655692,10.04900194047854
1067,1.4806547619047619,0.0,0.0,10.63904769208914,10.624184640417353
1068,1.4821428571428572,0.010617506674222748,0.00011833797688915685,10.928246011106069,10.928246011106069
1069,1.4836309523809523,0.0,0.0,11.11237931927543,11.110799671271666
1070,1.4851190476190477,-0.03557603286915989,-0.00039651453817303293,11.2419671584847,11.2419671584847
1071,1.4866071428571428,-0.1931270355754394,-0.0021525074929393214,11.34011239121818,11.345405310829907
1072,1.4880952380952381,0.0,0.0,11.413581313253518,11.442314305431465
1073,1.4895833333333333,1.833932971002111,0.020440196008127094,11.496217628285557,11.496217628285557
1074,1.4910714285714286,5.927947021794455,0.06607024409679607,11.640839377495558,11.367991085936191
1075,1.4925595238095237,8.17258445551309,0.09108796821095373,11.822758164997708,10.940811963623052
1076,1.494047619047619,10.586136768139815,0.11798834195743886,11.790538766377736,10.574640616570813
1077,1.4955357142857144,11.799428212639633,0.1315111453164998,11.763645267276306,10.188664405340859
1078,1.4970238095238095,0.0,0.0,11.639097530180194,9.88360598272363
1079,1.4985119047619047,0.0,0.0,10.878422449029065,10.878422449029065
1080,1.5,0.0,0.0,11.213585672998489,11.213585672998489
1081,1.5014880952380953,0.0,0.0,11.389508131090887,11.389508131090887
1082,1.5029761904761905,0.0,0.0,11.498128521039256,11.498128521039256
1083,1.5044642857142856,0.0,0.0,11.57237114853018,11.57237114853018
1084,1.505952380952381,0.0,0.0,11.63035292284966,11.63035292284966
1085,1.5074404761904763,0.0,0.0,11.677691247695023,11.677691247695023
1086,1.5089285714285714,60.42085218542349,0.6734237734835451,11.717639405639472,11.717639405639472
1087,1.5104166666666665,34.84713951873879,0.3883906191491623,14.782804529674163,5.79353035552288
1088,1.5119047619047619,6.729086161758534,0.0749993823529779,11.221122979121741,6.036646428583833
1089,1.5133928571428572,2.3570864816774497,0.02627103086939282,9.46774236344101,8.466604539964104
1090,1.5148809523809523,0.4792356421592358,0.005341345956860579,10.004630400569393,9.653948543733618
1091,1.5163690476190477,0.002413069698686988,2.6894994747535646e-05,10.437170012607178,10.365870445891796
1092,1.5178571428571428,-0.7831610656939585,-0.008728762687532152,10.75387735155931,10.753518340649364
1093,1.5193452380952381,-8.340885611014702,-0.09296377755690133,10.923262210140368,11.039779096073035
1094,1.5208333333333335,-3.5084744796204825,-0.03910388612173101,10.721713865381854,11.962651470540841
1095,1.5223214285714286,0.0,0.0,11.385010840510173,11.906993531742886
1096,1.5238095238095237,0.0,0.0,11.64887840503275,11.64887840503275
1097,1.525297619047619,2.222437192490716,0.02477029016248033,11.606192712955814,11.606192712955814
1098,1.5267857142857144,6.095414058883332,0.06793675673227505,11.742955729213076,11.412306681152318
1099,1.5282738095238095,7.00079780983069,0.07802775876155042,11.892829487330232,10.985967928805286
1100,1.5297619047619047,8.669194199502872,0.09662295812999655,11.788873476354977,10.74731102441809
1101,1.53125,10.019065388948372,0.11166801819176798,11.77151149126205,10.48172889618813
1102,1.5327380952380953,0.0,0.0,11.707005198564262,10.21639190046625
1103,1.5342261904761905,0.0,0.0,11.061134743725882,11.061134743725882
1104,1.5357142857142856,0.0,0.0,11.345171119135621,11.345171119135621
1105,1.537202380952381,0.0,0.0,11.492789492121306,11.492789492121306
1106,1.5386904761904763,0.0,0.0,11.582519220279268,11.582519220279268
1107,1.5401785714285714,0.0,0.0,11.641261649905159,11.641261649905159
1108,1.5416666666666665,0.0,0.0,11.686813899694574,11.686813899694574
1109,1.5431547619047619,0.0,0.0,11.728834461189518,11.728834461189518
1110,1.5446428571428572,49.83037189182604,0.5553870205355607,11.766918703971285,11.766918703971285
1111,1.5461309523809523,29.788380202411393,0.33200795216042855,14.300525486999506,6.886878394421574
1112,1.5476190476190477,8.443813489645507,0.09411096562057672,11.422040492037754,6.990194413111761
1113,1.5491071428571428,2.512970784212629,0.02800844753008362,10.034650769846323,8.778399793761409
1114,1.5505952380952381,0.45220926153394153,0.00504012201568818,10.269494364674976,9.895620403056656
1115,1.5520833333333335,0.0,0.0,10.63388880474464,10.566610160220659
1116,1.5535714285714286,0.10569245280249007,0.0011780007699420613,10.927237142677518,10.927237142677518
1117,1.5550595238095237,0.0,0.0,11.128427937857191,11.112703260001533
1118,1.556547619047619,0.0,0.0,11.255178207488946,11.255178207488946
1119,1.5580357142857144,0.0,0.0,11.361098379258502,11.361098379258502
1120,1.5595238095238095,0.0,0.0,11.444422770226195,11.444422770226195
1121,1.5610119047619047,3.260057162926121,0.03633513790392066,11.512439102096515,11.512439102096515
1122,1.5625,10.649359194245415,0.1186929908198243,11.746063422659176,11.261039683321409
1123,1.5639880952380953,12.227024163246966,0.1362769383857631,12.051657861198136,10.46727091342209
1124,1.5654761904761905,12.36215606637344,0.13778305809162514,11.831274318307038,10.012166037607948
1125,1.5669642857142856,14.618376234645774,0.16292987818057095,11.620221264694386,9.781008373038288
1126,1.568452380952381,0.0,0.0,11.584551119674703,9.409663027218595
1127,1.5699404761904763,0.0,0.0,10.653561070306376,10.653561070306376
1128,1.5714285714285714,0.0,0.0,11.072253248536198,11.072253248536198
1129,1.5729166666666665,0.0,0.0,11.289079959507925,11.289079959507925
1130,1.5744047619047619,0.0,0.0,11.420684608370898,11.420684608370898
1131,1.5758928571428572,0.0,0.0,11.508215547469652,11.508215547469652
1132,1.5773809523809523,0.0,0.0,11.576340372172716,11.576340372172716
1133,1.5788690476190477,0.0,0.0,11.633356678680293,11.633356678680293
1134,1.5803571428571428,46.92889688612481,0.5230484788511238,11.682151325552063,11.682151325552063
1135,1.5818452380952381,27.565943009920673,0.30723766199794816,14.079199278712396,7.097226904254177
1136,1.5833333333333335,6.465096336722178,0.0720570699275975,11.354426427508876,7.253229396643642
1137,1.5848214285714286,1.0134892734485348,0.01129589779396497,10.026929870474897,9.06506784054614
1138,1.5863095238095237,0.0,0.0,10.313063045467555,10.16227846329001
1139,1.587797619047619,0.0,0.0,10.735268103300898,10.735268103300898
1140,1.5892857142857144,0.7311601187021574,0.008149183408503301,11.020003131664337,11.020003131664337
1141,1.5907738095238095,0.0,0.0,11.219328621916242,11.110548316202442
1142,1.5922619047619047,0.0,0.0,11.272939662171249,11.272939662171249
1143,1.59375,0.0,0.0,11.378419590713829,11.378419590713829
1144,1.5952380952380953,0.0,0.0,11.45942947260958,11.45942947260958
1145,1.5967261904761905,4.68811181060908,0.05225159579551226,11.525107501917875,11.525107501917875
1146,1.5982142857142856,10.420600186809889,0.11614334531775794,11.83031634579747,11.132829949953344
1147,1.599702380952381,11.871337689660507,0.1323126161599764,11.999728215267364,10.449375501754249
1148,1.6011904761904763,12.275768171160445,0.13682021727966334,11.80506055613678,10.038870483563807
1149,1.6026785714285714,12.981832364996258,0.14468969274279228,11.626117002077986,9.799756700997975
1150,1.6041666666666665,0.0,0.0,11.512386942662543,9.580980049332176
1151,1.6056547619047619,0.0,0.0,10.722614709793,10.722614709793
1152,1.6071428571428572,0.0,0.0,11.113552265934997,11.113552265934997
1153,1.6086309523809523,0.0,0.0,11.316198372891197,11.316198372891197
1154,1.6101190476190477,0.0,0.0,11.440416359053037,11.440416359053037
1155,1.6116071428571428,0.0,0.0,11.525004271576819,11.525004271576819
1156,1.6130952380952381,0.0,0.0,11.59106377925072,11.59106377925072
1157,1.6145833333333335,0.0,0.0,11.646448361101353,11.646448361101353
1158,1.6160714285714286,49.52101635645437,0.5519390822089265,11.69400552714586,11.69400552714586
1159,1.6175595238095237,30.835169837701805,0.3436750008819095,14.220051716076576,6.85242982215379
1160,1.619047619047619,14.608723955851026,0.1628222982015808,11.42901211723148,6.8414271055706815
1161,1.6205357142857144,7.232935114844377,0.08061505725626333,10.260611523881622,8.0871594750653
1162,1.6220238095238095,5.457881044490229,0.06083109911997612,10.20829427327041,9.132194971796666
1163,1.6235119047619047,4.563114800217093,0.05085843506758989,10.516198409671668,9.704187533554595
1164,1.625,6.86518329276448,0.07651626005673891,10.722656789852255,10.043767159143359
1165,1.6264880952380953,5.612317505206197,0.0625523787838184,11.001280513845384,9.979894475047493
1166,1.6279761904761905,4.221906744822753,0.04705548281028836,10.954177609302274,10.119190034948623
1167,1.6294642857142856,3.9506777106903366,0.04403248540066536,10.955862765664584,10.327737277622127
1168,1.630952380952381,4.447770068619857,0.04957285431865771,11.045128054427433,10.457355392662967
1169,1.6324404761904763,8.14121454943016,0.09073833327923576,11.148989232646214,10.48726032343276
1170,1.6339285714285714,0.0,0.0,11.38369295559633,10.172461947618713
1171,1.6354166666666665,0.0,0.0,10.87701589149658,10.87701589149658
1172,1.6369047619047619,0.0,0.0,11.147821841727392,11.147821841727392
1173,1.6383928571428572,0.0,0.0,11.318083522317465,11.318083522317465
1174,1.6398809523809523,0.0,0.0,11.430054334952779,11.430054334952779
1175,1.6413690476190477,0.0,0.0,11.50809258811146,11.50809258811146
1176,1.6428571428571428,0.0,0.0,11.56836800758423,11.56836800758423
1177,1.6443452380952381,0.0,0.0,11.617112770324626,11.617112770324626
1178,1.6458333333333335,0.0,0.0,11.658946107219156,11.658946107219156
1179,1.6473214285714286,0.0,0.0,11.695575464707527,11.695575464707527
1180,1.6488095238095237,0.0,0.0,11.728762348530168,11.728762348530168
1181,1.650297619047619,0.0,0.0,11.761230012732087,11.761230012732087
1182,1.6517857142857144,0.0,0.0,11.793013951225891,11.793013951225891
1183,1.6532738095238095,0.0,0.0,11.824284986692827,11.824284986692827
1184,1.6547619047619047,0.0,0.0,11.852845108437917,11.852845108437917
1185,1.65625,0.0,0.0,11.877833225910013,11.877833225910013
1186,1.6577380952380953,0.0,0.0,11.897833627733917,11.897833627733917
1187,1.6592261904761905,0.0,0.0,11.915470046936719,11.915470046936719
1188,1.6607142857142856,0.0,0.0,11.926315225947523,11.926315225947523
1189,1.662202380952381,0.0,0.0,11.931267036103389,11.931267036103389
1190,1.6636904761904763,0.0,0.0,11.941181132647936,11.941181132647936
1191,1.6651785714285714,0.0,0.0,11.954399181208903,11.954399181208903
1192,1.6666666666666665,0.0,0.0,11.967907494371296,11.967907494371296
1193,1.6681547619047619,0.0,0.0,11.980927580185263,11.980927580185263
1194,1.6696428571428572,0.0,0.0,12.005130300264096,12.005130300264096
1195,1.6711309523809523,0.0,0.0,12.027298071530737,12.027298071530737
1196,1.6726190476190477,0.0,0.0,12.042081246754908,12.042081246754908
1197,1.6741071428571428,0.0,0.0,12.053343105216577,12.053343105216577
1198,1.6755952380952381,0.0,0.0,12.063500752493638,12.063500752493638
1199,1.6770833333333335,0.0,0.0,12.072622149116482,12.072622149116482
1200,1.6785714285714286,0.0,0.0,12.080133899213095,12.080133899213095
1201,1.6800595238095237,0.0,0.0,12.086129044582751,12.086129044582751
1202,1.681547619047619,0.0,0.0,12.091530957812285,12.091530957812285
1203,1.6830357142857144,0.0,0.0,12.096549204299613,12.096549204299613
1204,1.6845238095238095,0.0,0.0,12.102825272188431,12.102825272188431
1205,1.6860119047619047,0.0,0.0,12.112111431977016,12.112111431977016
1206,1.6875,0.0,0.0,12.122943603575784,12.122943603575784
1207,1.6889880952380953,0.0,0.0,12.13430009822936,12.13430009822936
1208,1.6904761904761905,0.0,0.0,12.145601984633055,12.145601984633055
1209,1.6919642857142856,0.0,0.0,12.156842505026056,12.156842505026056
1210,1.693452380952381,0.0,0.0,12.16458417836165,12.16458417836165
1211,1.6949404761904763,0.0,0.0,12.171121308804622,12.171121308804622
1212,1.6964285714285714,0.0,0.0,12.171438481574699,12.171438481574699
1213,1.6979166666666665,0.0,0.0,12.166153457759336,12.166153457759336
1214,1.6994047619047619,0.0,0.0,12.16585264951247,12.16585264951247
1215,1.7008928571428572,0.0,0.0,12.168977380876042,12.168977380876042
1216,1.7023809523809523,0.0,0.0,12.173388895353886,12.173388895353886
1217,1.7038690476190477,0.0,0.0,12.178071775667915,12.178071775667915
1218,1.7053571428571428,0.0,0.0,12.19501645729386,12.19501645729386
1219,1.7068452380952381,0.0,0.0,12.210534875700858,12.210534875700858
1220,1.7083333333333335,0.0,0.0,12.220578203087937,12.220578203087937
1221,1.7098214285714286,0.0,0.0,12.227558034363511,12.227558034363511
1222,1.7113095238095237,0.0,0.0,12.233362790649954,12.233362790649954
1223,1.712797619047619,0.0,0.0,12.238157668428931,12.238157668428931
1224,1.7142857142857144,0.0,0.0,12.243782864381881,12.243782864381881
1225,1.7157738095238095,0.0,0.0,12.250455144550202,12.250455144550202
1226,1.7172619047619047,0.0,0.0,12.256554894780852,12.256554894780852
1227,1.71875,0.0,0.0,12.262366212067558,12.262366212067558
1228,1.7202380952380953,0.0,0.0,12.26817235766225,12.26817235766225
1229,1.7217261904761905,0.0,0.0,12.274840502395154,12.274840502395154
1230,1.7232142857142856,59.51450320659666,0.6633220134563707,12.279622202847143,12.279622202847143
1231,1.724702380952381,32.194210692002315,0.3588222619237215,15.268423457236938,6.413993780861574
1232,1.7261904761904763,4.2450722139301496,0.04731367475986471,11.625568280754702,6.8357883246120155
1233,1.7276785714285714,0.3691996638991092,0.004114934196372954,9.941148341460195,9.309576348682251
1234,1.7291666666666665,-0.13552774426346623,-0.0015105315739925062,10.524365935722397,10.469437266500577
1235,1.7306547619047619,-5.288123171480123,-0.0589390538527201,11.016357908244268,11.036521411527039
1236,1.7321428571428572,-7.058454330921651,-0.07867037253799722,11.05141170829492,11.838166402009508
1237,1.7336309523809523,-10.03752355951297,-0.11187374469882001,11.337886727133673,12.388027182479446
1238,1.7351190476190477,-7.103347896208924,-0.07917073612188223,11.496164828948036,12.9895242908282
1239,1.7366071428571428,-7.52094275822073,-0.08382506153424665,11.968921750892806,13.025741366700997
1240,1.7380952380952381,-5.726047195131449,-0.0638199590011834,12.06117431417743,13.180122724475657
1241,1.7395833333333335,0.0,0.0,12.274019448385433,13.125927462082473
1242,1.7410714285714286,0.0,0.0,12.59686751088396,12.59686751088396
1243,1.7425595238095237,0.0,0.0,12.428585693919654,12.428585693919654
1244,1.744047619047619,0.2615767553376695,0.002915417430632864,12.365364962930691,12.365364962930691
1245,1.7455357142857144,0.551145119180108,0.006142816800337141,12.364206186852345,12.325289404214141
1246,1.7470238095238095,0.0,0.0,12.357576433900645,12.275578342068856
1247,1.7485119047619047,0.0,0.0,12.30105493178339,12.30105493178339
1248,1.75,0.0,0.0,12.303777738574217,12.303777738574217
1249,1.7514880952380953,0.0,0.0,12.303004932421278,12.303004932421278
1250,1.7529761904761905,0.0,0.0,12.300481003744803,12.300481003744803
1251,1.7544642857142856,0.0,0.0,12.297416170794815,12.297416170794815
1252,1.755952380952381,0.0,0.0,12.295030916982608,12.295030916982608
1253,1.7574404761904763,0.0,0.0,12.294126838166921,12.294126838166921
1254,1.7589285714285714,7.285057420336017,0.08119598914281012,12.294038429634057,12.294038429634057
1255,1.7604166666666665,2.7306296710341953,0.030434376056311333,12.661474104609766,11.577620167481177
1256,1.7619047619047619,0.0,0.0,12.158318587926734,11.752061842231235
1257,1.7633928571428572,0.0,0.0,12.036561940810595,12.036561940810595
1258,1.7648809523809523,0.0,0.0,12.13596958545321,12.13596958545321
1259,1.7663690476190477,-0.05336404930373983,-0.0005947718072595494,12.187809952228069,12.187809952228069
1260,1.7678571428571428,-1.0808337605011433,-0.012046489302590238,12.214933266222218,12.222872645639809
1261,1.7693452380952381,-7.398120739981963,-0.08245614229531593,12.18547399254101,12.3462779312211
1262,1.7708333333333335,-9.438660339548779,-0.10519908330624063,11.924561462268727,13.025236697716943
1263,1.7723214285714286,-9.25485083639145,-0.10315042485901327,12.100188132441557,13.504450114190982
1264,1.7738095238095237,-9.548776631762843,-0.10642639021010952,12.355618356988813,13.73253358741098
1265,1.775297619047619,0.0,0.0,12.497063529519234,13.917708357685909
1266,1.7767857142857144,0.0,0.0,13.104026221548594,13.104026221548594
1267,1.7782738095238095,0.0,0.0,12.840111129220737,12.840111129220737
1268,1.7797619047619047,0.0,0.0,12.712950786227914,12.712950786227914
1269,1.78125,0.34892987843013845,0.0038890162404936544,12.64327872936861,12.64327872936861
1270,1.7827380952380953,0.0,0.0,12.617348243955039,12.56543526637677
1271,1.7842261904761905,0.0,0.0,12.555368928076973,12.555368928076973
1272,1.7857142857142856,0.0,0.0,12.538073313665373,12.538073313665373
1273,1.787202380952381,0.0,0.0,12.523297209582061,12.523297209582061
1274,1.7886904761904763,0.0,0.0,12.51108199183667,12.51108199183667
1275,1.7901785714285714,0.0,0.0,12.4994668193462,12.4994668193462
1276,1.7916666666666665,0.0,0.0,12.487664905022623,12.487664905022623
1277,1.7931547619047619,0.0,0.0,12.477109636705471,12.477109636705471
1278,1.7946428571428572,21.755753789422144,0.24247989364483186,12.468032742748887,12.468032742748887
1279,1.7961309523809523,10.997806458735816,0.12257662806136846,13.553255250070505,10.316484688174537
1280,1.7976190476190477,0.0,0.0,12.179238337032073,10.543010213859747
1281,1.7991071428571428,0.0,0.0,11.550701119908002,11.550701119908002
1282,1.8005952380952381,0.0,0.0,11.879427420285477,11.879427420285477
1283,1.8020833333333335,0.0,0.0,12.041373572871922,12.041373572871922
1284,1.8035714285714286,0.0,0.0,12.12144805364324,12.12144805364324
1285,1.8050595238095237,-0.030493742459279907,-0.00033986960414831397,12.16201472960429,12.16201472960429
1286,1.806547619047619,-6.110607169479034,-0.06810609234238713,12.193816578204792,12.198353366443415
1287,1.8080357142857144,-2.243831215962013,-0.025008738371913433,11.918951878860973,12.828073833122872
1288,1.8095238095238095,0.0,0.0,12.36947198819486,12.703303989420224
1289,1.8110119047619047,0.0,0.0,12.490274910195264,12.490274910195264
1290,1.8125,0.7282644350637331,0.008116909414806259,12.443480986520779,12.443480986520779
1291,1.8139880952380953,2.1929977421667344,0.02444217122656039,12.468552229390006,12.360202736768143
1292,1.8154761904761905,4.144688514464771,0.04619484297836723,12.514633492658481,12.18836437769907
1293,1.8169642857142856,5.827563322329076,0.06495141231529859,12.547137112791528,11.93049997386736
1294,1.818452380952381,0.0,0.0,12.516016396843158,11.649005049322277
1295,1.8199404761904763,0.0,0.0,12.08400228836362,12.08400228836362
1296,1.8214285714285714,0.0,0.0,12.21423622276967,12.21423622276967
1297,1.8229166666666665,0.0,0.0,12.275351890484783,12.275351890484783
1298,1.8244047619047619,0.0,0.0,12.309207821823996,12.309207821823996
1299,1.8258928571428572,0.0,0.0,12.32925941923087,12.32925941923087
1300,1.8273809523809523,0.0,0.0,12.342602988945528,12.342602988945528
1301,1.8288690476190477,0.0,0.0,12.353220678932766,12.353220678932766
1302,1.8303571428571428,43.38458011269336,0.4835451105659434,12.363603216017632,12.363603216017632
1303,1.8318452380952381,21.93721663076341,0.24450239724984657,14.548738867985898,8.09408171805715
1304,1.8333333333333335,1.636061255709778,0.01823480643882917,11.821778914326668,8.558010732002721
1305,1.8348214285714286,0.0,0.0,10.661228660007124,10.417819263063373
1306,1.8363095238095237,0.0,0.0,11.182563257175875,11.182563257175875
1307,1.837797619047619,-8.835561877576353,-0.09847721780197397,11.541153340317774,11.541153340317774
1308,1.8392857142857144,-11.79684308973309,-0.1314823326937102,11.290582566762485,12.605116958903581
1309,1.8407738095238095,-15.812699561939922,-0.17624127139557566,11.597310387686885,13.35241732655651
1310,1.8422619047619047,-15.12574330820448,-0.16858476447990117,11.791167975191932,14.14374472070914
1311,1.84375,-10.558458326525667,-0.11767985043635369,12.244311122440728,14.494684110693395
1312,1.8452380952380953,-5.968303038002395,-0.066520034189695,12.733034092808417,14.303897020431728
1313,1.8467261904761905,-0.001694096803293328,-1.888164467490633e-05,12.991034517220093,13.878984793035084
1314,1.8482142857142856,0.31032076325114666,0.0034586963245330843,13.180524682701636,13.18077672649267
1315,1.849702380952381,0.9623321958363708,0.010725723905317215,12.939524960744443,12.893356157725318
1316,1.8511904761904763,1.6379917114687275,0.018256322434627197,12.839884936399214,12.696711385512536
1317,1.8526785714285714,2.327164417413731,0.025937532934523375,12.784061473535473,12.540364867863765
1318,1.8541666666666665,0.0,0.0,12.731714655720797,12.38548453416836
1319,1.8556547619047619,0.0,0.0,12.525202029414691,12.525202029414691
1320,1.8571428571428572,0.0,0.0,12.550592147683684,12.550592147683684
1321,1.8586309523809523,0.0,0.0,12.551288829491899,12.551288829491899
1322,1.8601190476190477,0.0,0.0,12.541321329335922,12.541321329335922
1323,1.8616071428571428,0.0,0.0,12.527580129291005,12.527580129291005
1324,1.8630952380952381,0.0,0.0,12.513353143532274,12.513353143532274
1325,1.8645833333333335,0.0,0.0,12.503694223996266,12.503694223996266
1326,1.8660714285714286,31.83466330689796,0.3548149077063388,12.497921997509994,12.497921997509994
1327,1.8675595238095237,20.186775871335865,0.2249927680599842,14.091945350659714,9.35565802009906
1328,1.869047619047619,13.007893517742078,0.14498015868606567,12.289631019276328,9.286289351027598
1329,1.8705357142857144,10.851574434995383,0.12094679137966778,11.663035354253285,9.727751143095496
1330,1.8720238095238095,10.890666164114114,0.12138249029457787,11.605805148632019,9.991333086602452
1331,1.8735119047619047,9.39987170426529,0.10476676253955033,11.667685449506509,10.047397410735808
1332,1.875,11.23814820072504,0.12525536953822303,11.584115300226756,10.185624201621025
1333,1.8764880952380953,12.652207044155617,0.1410158364602789,11.700817542742586,10.028831932939584
1334,1.8779761904761905,11.789775933844886,0.13140356533750966,11.699234931743266,9.816868928711596
1335,1.8794642857142856,7.189499860268011,0.0801309473508077,11.548473214557154,9.794417710740374
1336,1.880952380952381,6.553897301633858,0.0730468057343068,11.273391175587356,10.20375407049265
1337,1.8824404761904763,12.609737017458725,0.14054248455272228,11.374581644467565,10.399508013052776
1338,1.8839285714285714,0.0,0.0,11.770461918982086,9.894414507965474
1339,1.8854166666666665,0.0,0.0,10.956608593240619,10.956608593240619
1340,1.8869047619047619,0.0,0.0,11.337746330550189,11.337746330550189
1341,1.8883928571428572,0.0,0.0,11.557769691610616,11.557769691610616
1342,1.8898809523809523,0.0,0.0,11.698557349684911,11.698557349684911
1343,1.8913690476190477,0.0,0.0,11.795839494678956,11.795839494678956
1344,1.8928571428571428,0.0,0.0,11.871911271303304,11.871911271303304
1345,1.8943452380952381,0.0,0.0,11.933498918892155,11.933498918892155
1346,1.8958333333333335,0.0,0.0,11.983103537577204,11.983103537577204
1347,1.8973214285714286,0.0,0.0,12.026107614790025,12.026107614790025
1348,1.8988095238095237,0.0,0.0,12.064832482994124,12.064832482994124
1349,1.900297619047619,0.0,0.0,12.098750140026855,12.098750140026855
1350,1.9017857142857144,0.0,0.0,12.127694700932171,12.127694700932171
1351,1.9032738095238095,0.0,0.0,12.155240187688204,12.155240187688204
1352,1.9047619047619047,0.0,0.0,12.179823790484154,12.179823790484154
1353,1.90625,0.0,0.0,12.199268247901635,12.199268247901635
1354,1.9077380952380953,0.0,0.0,12.215781279358213,12.215781279358213
1355,1.9092261904761905,0.0,0.0,12.23049910122517,12.23049910122517
1356,1.9107142857142856,0.0,0.0,12.238766529433914,12.238766529433914
1357,1.912202380952381,0.0,0.0,12.241885379553734,12.241885379553734
1358,1.9136904761904763,0.0,0.0,12.2501548065579,12.2501548065579
1359,1.9151785714285714,0.0,0.0,12.261101524318635,12.261101524318635
1360,1.9166666666666665,0.0,0.0,12.271597972599116,12.271597972599116
1361,1.9181547619047619,0.0,0.0,12.282539038616704,12.282539038616704
1362,1.9196428571428572,0.0,0.0,12.305623301621212,12.305623301621212
1363,1.9211309523809523,0.0,0.0,12.326851609638629,12.326851609638629
1364,1.9226190476190477,0.0,0.0,12.341168417244374,12.341168417244374
1365,1.9241071428571428,0.0,0.0,12.352311130668756,12.352311130668756
1366,1.9255952380952381,0.0,0.0,12.361601546133441,12.361601546133441
1367,1.9270833333333335,0.0,0.0,12.366821802825745,12.366821802825745
1368,1.9285714285714286,0.0,0.0,12.369340074898805,12.369340074898805
1369,1.9300595238095237,0.0,0.0,12.370265041384492,12.370265041384492
1370,1.931547619047619,0.0,0.0,12.370690601579316,12.370690601579316
1371,1.9330357142857144,0.0,0.0,12.371979356690598,12.371979356690598
1372,1.9345238095238095,0.0,0.0,12.374796942043552,12.374796942043552
1373,1.9360119047619047,0.0,0.0,12.379668711486834,12.379668711486834
1374,1.9375,83.79674097054408,0.9339609666018723,12.384887220495925,12.384887220495925
1375,1.9389880952380953,50.739616554291295,0.565521054556432,16.59262490766885,4.125540246683494
1376,1.9404761904761905,21.694944433015234,0.24180213977719398,11.734432664378417,4.185510260932632
1377,1.9419642857142856,14.782947588096224,0.16476411682235287,9.672560257921301,6.444836770955987
1378,1.943452380952381,7.980504107497607,0.0889471266290499,9.904579357769066,7.705206721254605
1379,1.9449404761904763,6.527353534948301,0.07275096079208392,10.03329829512721,8.84597741375203
1380,1.9464285714285714,10.014721863490736,0.11161960720122242,10.415655538122648,9.444531026717272
1381,1.9479166666666665,5.143699369721183,0.05732937080384698,10.87944862163157,9.389481543171462
1382,1.9494047619047619,5.441954784478894,0.06065359215464238,10.675154538138074,9.90988688249604
1383,1.9508928571428572,3.7088881268819005,0.04133760692696229,10.912915693363914,10.10327428925249
1384,1.9523809523809523,1.10711637775759,0.012339423590169355,10.951549760456416,10.399749991868593
1385,1.9538690476190477,12.307620691183113,0.1371752312103308,10.975122164141546,10.810407958658075
1386,1.9553571428571428,18.25680272632601,0.20348215126090516,11.746790758557633,9.915691513466328
1387,1.9568452380952381,19.87259419656682,0.22149103974385503,11.75738468175901,9.041179939285518
1388,1.9583333333333335,21.777954030650065,0.2427273275965092,11.480508206725998,8.523909758952307
1389,1.9598214285714286,22.28662912313328,0.2483967924892897,11.324444275400165,8.084370813132688
1390,1.9613095238095237,0.0,0.0,11.105786260017275,7.79003329793307
1391,1.962797619047619,0.0,0.0,9.790672446253044,9.790672446253044
1392,1.9642857142857144,0.0,0.0,10.491761902883027,10.491761902883027
1393,1.9657738095238095,0.0,0.0,10.86785104739752,10.86785104739752
1394,1.9672619047619047,0.0,0.0,11.10372251429097,11.10372251429097
1395,1.96875,0.0,0.0,11.265426684734186,11.265426684734186
1396,1.9702380952380953,0.0,0.0,11.389180098955642,11.389180098955642
1397,1.9717261904761905,0.0,0.0,11.490320017639732,11.490320017639732
1398,1.9732142857142856,67.67164401603814,0.7542378537009401,11.570908617795732,11.570908617795732
1399,1.974702380952381,39.9343730575107,0.4450906470759169,15.033784718473662,4.965754562115033
1400,1.9761904761904763,13.623708904846996,0.15184376134563674,11.11806717915546,5.176723828268268
1401,1.9776785714285714,7.565938733263183,0.08432656653142327,9.40372346228431,7.3768196669081645
1402,1.9791666666666665,3.4434504600263316,0.03837915750473336,9.748942810679958,8.623300003633593
1403,1.9806547619047619,3.2151740665305426,0.03583489100161649,10.064421640510492,9.552113072016787
1404,1.9821428571428572,5.111364235758779,0.05696897787423002,10.47303315493932,9.994687018526557
1405,1.9836309523809523,2.153906013048005,0.024006472311650314,10.815982302467882,10.055525393019131
1406,1.9851190476190477,3.1818737046886616,0.0354637400741005,10.760464514888815,10.440011376670538
1407,1.9866071428571428,1.8320025152431612,0.020418680012329063,11.003070133203542,10.52967834734804
1408,1.9880952380952381,0.553558188878795,0.006169711795084677,11.026561073021512,10.753999990190103
1409,1.9895833333333335,11.111220734574104,0.12384069281450263,11.089376730710047,11.007019627968312
1410,1.9910714285714286,17.420432768761103,0.19416034608140934,11.759869217895893,10.10676758195608
1411,1.9925595238095237,19.16315170515285,0.2135839112880796,11.774171260267329,9.182399699181305
1412,1.994047619047619,21.330088294573763,0.2377356165713666,11.478457385428028,8.627408145178617
1413,1.9955357142857144,22.284216053434594,0.24836989749454216,11.31141311278302,8.13797207540162
1414,1.9970238095238095,0.0,0.0,11.089358290725585,7.773964339551327
1415,1.9985119047619047,0.0,0.0,9.741898286754168,9.741898286754168
1416,2.0,0.0,0.0,10.421812135466155,10.421812135466155
1417,2.0013440860215055,0.0,0.0,10.781199511593485,10.781199511593485
1418,2.002688172043011,0.0,0.0,11.003991899923712,11.003991899923712
1419,2.004032258064516,0.0,0.0,11.156039335892363,11.156039335892363
1420,2.0053763440860215,0.0,0.0,11.272961284172819,11.272961284172819
1421,2.006720430107527,0.0,0.0,11.367231064008731,11.367231064008731
1422,2.0080645161290325,69.78790614178664,0.7778247640945288,11.444961618125035,11.444961618125035
1423,2.0094086021505375,39.68872256218437,0.4423527366106178,15.012956334746338,4.630073610364598
1424,2.010752688172043,9.245917857489063,0.10305086187465759,10.897171718204207,4.992375677949572
1425,2.0120967741935485,3.333414481766205,0.03715274574424574,9.018437125475414,7.642850922924271
1426,2.013440860215054,1.421780666466373,0.015846530905248,9.549847115892021,9.053909444891877
1427,2.014784946236559,0.2200719565202533,0.002452823520975251,10.075661846121683,9.864132617981184
1428,2.0161290322580645,0.37740410087464493,0.004206377178514575,10.40842637994936,10.375684584962235
1429,2.01747311827957,0.0,0.0,10.683714501233192,10.627565194917555
1430,2.0188172043010755,0.0,0.0,10.844035442027575,10.844035442027575
1431,2.0201612903225805,0.0,0.0,10.996127936612694,10.996127936612694
1432,2.021505376344086,0.0,0.0,11.114427097362658,11.114427097362658
1433,2.0228494623655915,5.372458377156709,0.05987901630591336,11.211109138209165,11.211109138209165
1434,2.024193548387097,11.365075666875976,0.1266700462619434,11.582007048678383,10.782705158773418
1435,2.025537634408602,12.989554188032056,0.1447757567259844,11.764394051812047,10.073524468145857
1436,2.0268817204301075,14.506409800626697,0.1616819504242853,11.580354676958098,9.647798948715902
1437,2.028225806451613,15.521346915894444,0.1729939852150988,11.463427432963066,9.305197446728478
1438,2.0295698924731185,0.0,0.0,11.32805454045234,9.01882456549424
1439,2.0309139784946235,0.0,0.0,10.377321484963389,10.377321484963389
1440,2.032258064516129,0.0,0.0,10.844450623610458,10.844450623610458
1441,2.0336021505376345,0.0,0.0,11.089846003869962,11.089846003869962
1442,2.03494623655914,0.0,0.0,11.240743560366903,11.240743560366903
1443,2.036290322580645,0.0,0.0,11.342758139599367,11.342758139599367
1444,2.0376344086021505,0.0,0.0,11.42324770220503,11.42324770220503
1445,2.038978494623656,0.0,0.0,11.494593822502049,11.494593822502049
1446,2.0403225806451615,64.41786083432862,0.7179726427833631,11.55745952616137,11.55745952616137
1447,2.0416666666666665,36.645359058200334,0.4084327692350258,14.844947927553738,5.261008082167015
1448,2.043010752688172,9.429311154589273,0.10509488147547028,11.041870855640909,5.589859375010844
1449,2.0443548387096775,2.882653062051476,0.03212876072540608,9.349054105486966,7.946183073779887
1450,2.045698924731183,0.5106055482421665,0.0056909808885785415,9.74384156684697,9.314967133824839
1451,2.047043010752688,0.0,0.0,10.212650323982595,10.136683615437908
1452,2.0483870967741935,0.011100120613960143,0.00012371697583866395,10.57930248778541,10.57930248778541
1453,2.049731182795699,0.0,0.0,10.822573310437848,10.820921860252094
1454,2.0510752688172045,0.0,0.0,10.991254382242602,10.991254382242602
1455,2.0524193548387095,0.0,0.0,11.121599588756812,11.121599588756812
1456,2.053763440860215,0.0,0.0,11.225584965316976,11.225584965316976
1457,2.0551075268817205,1.646196148444263,0.018347765416768816,11.311251092420708,11.311251092420708
1458,2.056451612903226,6.1325753322431105,0.06835093965138708,11.482609901397494,11.237692658631968
1459,2.057795698924731,7.703001092148602,0.08585420223308328,11.721071827024677,10.808681500486554
1460,2.0591397849462365,9.6542092505069,0.1076014949859406,11.665142805799878,10.51910817906855
1461,2.060483870967742,10.640189529390403,0.11859078983978366,11.652616396549288,10.216285548035192
1462,2.0618279569892475,0.0,0.0,11.558535262840621,9.975512556522371
1463,2.0631720430107525,0.0,0.0,10.891193177587537,10.891193177587537
1464,2.064516129032258,0.0,0.0,11.20409053481788,11.20409053481788
1465,2.0658602150537635,0.0,0.0,11.368781096128439,11.368781096128439
1466,2.067204301075269,0.0,0.0,11.47078274515183,11.47078274515183
1467,2.068548387096774,0.0,0.0,11.540130738335968,11.540130738335968
1468,2.0698924731182795,0.0,0.0,11.596275561646564,11.596275561646564
1469,2.071236559139785,0.0,0.0,11.648379436883747,11.648379436883747
1470,2.0725806451612905,51.29027905953167,0.5716584923578197,11.695628088196955,11.695628088196955
1471,2.0739247311827955,29.686548661126796,0.3308729833820825,14.310989082864593,6.680140389769007
1472,2.075268817204301,7.85936800862352,0.0875969978927236,11.306398885216666,6.889703066690417
1473,2.0766129032258065,2.5255187466458016,0.028148301502770808,9.92989709467937,8.760598560983507
1474,2.077956989247312,0.2205545704599907,0.002458202519924758,10.231102239319888,9.855361420969846
1475,2.079301075268817,0.0,0.0,10.582503862775305,10.549690265606191
1476,2.0806451612903225,0.055017989130063324,0.0006132058802438128,10.896390216130692,10.896390216130692
1477,2.081989247311828,0.0,0.0,11.090091861472333,11.081906412725552
1478,2.0833333333333335,-0.6996619797601444,-0.007798119250736314,11.22054160239055,11.22054160239055
1479,2.0846774193548385,0.0,0.0,11.291722963128338,11.39581704882564
1480,2.086021505376344,0.0,0.0,11.438453404411916,11.438453404411916
1481,2.0873655913978495,1.960377823213309,0.02184949373289796,11.497305614421231,11.497305614421231
1482,2.088709677419355,6.363747409377323,0.070927480148201,11.667288284469354,11.37562782122879
1483,2.09005376344086,8.69911626376659,0.096956456064866,11.87627348348386,10.929489911772858
1484,2.0913978494623655,10.931205735052055,0.12183432620633647,11.840012661856345,10.545778331499088
1485,2.092741935483871,12.28783351965388,0.136954692253401,11.793769048506304,10.167449626448501
1486,2.0940860215053765,0.0,0.0,11.677274626790481,9.849119271160738
1487,2.0954301075268815,0.0,0.0,10.885661708899567,10.885661708899567
1488,2.096774193548387,0.0,0.0,11.232587813762562,11.232587813762562
1489,2.0981182795698925,0.0,0.0,11.411982363626091,11.411982363626091
1490,2.099462365591398,0.0,0.0,11.520847575208979,11.520847575208979
1491,2.100806451612903,0.0,0.0,11.593581349050348,11.593581349050348
1492,2.1021505376344085,0.0,0.0,11.651019279524302,11.651019279524302
1493,2.103494623655914,0.0,0.0,11.701236105091091,11.701236105091091
1494,2.1048387096774195,57.35721889597048,0.6392778881520736,11.745868227280937,11.745868227280937
1495,2.1061827956989245,34.31336850138923,0.38244144631100735,14.662627884956596,6.129153962073435
1496,2.10752688172043,22.401008626851045,0.24967161524032289,11.350609944869225,6.245546607611491
1497,2.1088709677419355,17.979782324916748,0.2003946058638881,10.387594272953415,7.054824193737743
1498,2.110215053763441,14.89684447787425,0.16603356057443655,10.29393835126673,7.618948061255099
1499,2.111559139784946,11.34577110928648,0.1264548863039631,10.302029216001877,8.08571126453794
1500,2.1129032258064515,16.058978844761903,0.1789861900448497,10.267055828879922,8.579058332493306
1501,2.114247311827957,17.363484323872086,0.19352562420536745,10.6782791592654,8.289061553571212
1502,2.1155913978494625,17.633748130125035,0.1965378636170915,10.651880250255346,8.068581346644061
1503,2.1169354838709675,17.78191060962441,0.19818921629459013,10.560904002734087,7.93739587720879
1504,2.118279569892473,18.426200219173843,0.20537017989218223,10.48701692966771,7.841465534271697
1505,2.1196236559139785,21.69349659119602,0.24178600278034543,10.45254955038514,7.711142242033399
1506,2.120967741935484,0.0,0.0,10.552744160825444,7.325236080406098
1507,2.122311827956989,0.0,0.0,9.29045337816404,9.29045337816404
1508,2.1236559139784945,0.0,0.0,10.010124580208316,10.010124580208316
1509,2.125,0.0,0.0,10.421233150000802,10.421233150000802
1510,2.1263440860215055,0.0,0.0,10.682357869539295,10.682357869539295
1511,2.127688172043011,0.0,0.0,10.863979073141522,10.863979073141522
1512,2.129032258064516,0.0,0.0,11.00475919673023,11.00475919673023
1513,2.1303763440860215,0.0,0.0,11.117413260661515,11.117413260661515
1514,2.131720430107527,0.0,0.0,11.211394524116722,11.211394524116722
1515,2.133064516129032,0.0,0.0,11.292975561608536,11.292975561608536
1516,2.1344086021505375,0.0,0.0,11.365512066131691,11.365512066131691
1517,2.135752688172043,0.0,0.0,11.431770908973002,11.431770908973002
1518,2.1370967741935485,0.0,0.0,11.49254849775619,11.49254849775619
1519,2.138440860215054,0.0,0.0,11.54920319614206,11.54920319614206
1520,2.139784946236559,0.0,0.0,11.597772590902911,11.597772590902911
1521,2.1411290322580645,0.0,0.0,11.63660239725966,11.63660239725966
1522,2.14247311827957,0.0,0.0,11.669828478871606,11.669828478871606
1523,2.1438172043010755,0.0,0.0,11.699689579005806,11.699689579005806
1524,2.1451612903225805,0.0,0.0,11.721090735055443,11.721090735055443
1525,2.146505376344086,0.0,0.0,11.735203200598905,11.735203200598905
1526,2.1478494623655915,0.0,0.0,11.75389034250009,11.75389034250009
1527,2.149193548387097,0.0,0.0,11.7752458302935,11.7752458302935
1528,2.150537634408602,0.0,0.0,11.796378311380943,11.796378311380943
1529,2.1518817204301075,0.0,0.0,11.816673695251843,11.816673695251843
1530,2.153225806451613,0.0,0.0,11.8488515007412,11.8488515007412
1531,2.1545698924731185,0.0,0.0,11.878300945808828,11.878300945808828
1532,2.1559139784946235,0.0,0.0,11.899548079580695,11.899548079580695
1533,2.157258064516129,0.0,0.0,11.916882742093685,11.916882742093685
1534,2.1586021505376345,0.0,0.0,11.932328040826546,11.932328040826546
1535,2.15994623655914,0.0,0.0,11.946598998992908,11.946598998992908
1536,2.161290322580645,0.0,0.0,11.959380962826467,11.959380962826467
1537,2.1626344086021505,0.0,0.0,11.970595454001472,11.970595454001472
1538,2.163978494623656,0.0,0.0,11.980471492442975,11.980471492442975
1539,2.1653225806451615,0.0,0.0,11.989489363688449,11.989489363688449
1540,2.1666666666666665,0.0,0.0,11.999424655859583,11.999424655859583
1541,2.168010752688172,0.0,0.0,12.01138184557936,12.01138184557936
1542,2.1693548387096775,63.02455439030675,0.702443472816136,12.024178724546331,12.024178724546331
1543,2.170698924731183,36.77325175223075,0.40985820395664524,15.198248252217407,5.821601306233814
1544,2.172043010752688,9.68413131477062,0.10793499292081005,11.484373732095273,6.013334673238041
1545,2.1733870967741935,5.431337277804672,0.060535254177753225,9.733472282946927,8.292689699149495
1546,2.174731182795699,4.19101945267956,0.046711226877519905,10.193981751947609,9.385919995839949
1547,2.1760752688172045,1.2239089511740402,0.01364114133595008,10.593363142221,9.969832993825857
1548,2.1774193548387095,3.779832376023298,0.04212831977253984,10.714791189330501,10.532700855805619
1549,2.178763440860215,1.066094192879911,0.011882208679461246,11.101259978610905,10.538905289270653
1550,2.1801075268817205,0.5496972773608958,0.00612667980348862,11.030518257326678,10.8719072373123
1551,2.181451612903226,0.41166969059600017,0.0045882861039295815,11.165962052800893,11.084179367515071
1552,2.182795698924731,0.15443646071596723,0.0017212796638422813,11.286437765149392,11.225190503912513
1553,2.1841397849462365,7.874329040755379,0.08776374686015832,11.37080474593003,11.347828047693453
1554,2.185483870967742,13.42969810107256,0.14968140376793485,11.85542504248646,10.683900641148927
1555,2.1868279569892475,14.809491354781782,0.16505996176457577,11.9150384618464,9.916999143629956
1556,2.1881720430107525,16.831643762281477,0.18759796736301063,11.671958144485377,9.468636387961503
1557,2.189516129032258,18.035282927986547,0.2010131907430814,11.55241284689991,9.048239947840841
1558,2.1908602150537635,0.0,0.0,11.3833511367134,8.700103595773
1559,2.192204301075269,0.0,0.0,10.26712579575242,10.26712579575242
1560,2.193548387096774,0.0,0.0,10.804578233317557,10.804578233317557
1561,2.1948924731182795,0.0,0.0,11.091084129896844,11.091084129896844
1562,2.196236559139785,0.0,0.0,11.26895348562643,11.26895348562643
1563,2.1975806451612905,0.0,0.0,11.391222752222053,11.391222752222053
1564,2.1989247311827955,0.0,0.0,11.485806828032649,11.485806828032649
1565,2.200268817204301,0.0,0.0,11.563484610764588,11.563484610764588
1566,2.2016129032258065,63.290474671102054,0.7054073012373144,11.623546418347905,11.623546418347905
1567,2.202956989247312,37.60189988675985,0.4190939451529489,14.848727860039745,5.432517911780043
1568,2.204301075268817,8.784538931100109,0.09790853887892874,11.186912967481103,5.59258956214823
1569,2.2056451612903225,1.8517896867723946,0.020639218969258855,9.352068914555751,8.045125597986386
1570,2.206989247311828,0.2200719565202533,0.002452823520975251,9.757477528966136,9.481972556673165
1571,2.2083333333333335,0.0,0.0,10.294936291810904,10.26219449682378
1572,2.2096774193548385,0.16746703708887695,0.0018665126354789738,10.675108408597259,10.675108408597259
1573,2.211021505376344,0.0,0.0,10.925935221364401,10.901019864214112
1574,2.2123655913978495,0.0,0.0,11.079439411221454,11.079439411221454
1575,2.213709677419355,0.0,0.0,11.208968666932503,11.208968666932503
1576,2.21505376344086,0.0,0.0,11.310656394558329,11.310656394558329
1577,2.2163978494623655,6.370986618473385,0.07100816513244361,11.393554341405016,11.393554341405016
1578,2.217741935483871,10.028235053803385,0.11177021917180865,11.782393006344142,10.834532401903301
1579,2.2190860215053765,11.212087047979221,0.12496490359494963,11.781300523392673,10.289322983836863
1580,2.2204301075268815,12.74245585088651,0.14202170926383675,11.623396294534832,9.955288002559252
1581,2.221774193548387,15.3620843157811,0.17121891556176141,11.54651516871508,9.650722157651408
1582,2.2231182795698925,0.0,0.0,11.515010700641124,9.229475445739494
1583,2.224462365591398,0.0,0.0,10.527237122609272,10.527237122609272
1584,2.225806451612903,0.0,0.0,10.965806025155342,10.965806025155342
1585,2.2271505376344085,0.0,0.0,11.196371826246676,11.196371826246676
1586,2.228494623655914,0.0,0.0,11.338981237657894,11.338981237657894
1587,2.2298387096774195,0.0,0.0,11.436095347736071,11.436095347736071
1588,2.2311827956989245,0.0,0.0,11.511448780738434,11.511448780738434
1589,2.23252688172043,0.0,0.0,11.572593804475435,11.572593804475435
1590,2.2338709677419355,57.02662834725038,0.6355932738716614,11.62380813378047,11.62380813378047
1591,2.235215053763441,33.99387807328307,0.37888054900643364,14.529076489292184,6.044787061071694
1592,2.236559139784946,9.459715832792728,0.10543375840928922,11.234714996557074,6.17718470377626
1593,2.2379032258064515,1.4193675967676862,0.015819635910500465,9.648257597295753,8.240863028123348
1594,2.239247311827957,0.28763790808348894,0.003205883373906249,9.86588050761867,9.654710290388119
1595,2.2405913978494625,0.1346492891867339,0.0015007407069124888,10.40206187377301,10.359267773307382
1596,2.241935483870968,2.5790888939566523,0.028745370386166095,10.744132953065122,10.724100144290105
1597,2.243279569892473,0.0,0.0,11.072718310682665,10.68900745013181
1598,2.2446236559139785,0.0,0.0,10.996195218367042,10.996195218367042
1599,2.245967741935484,0.0,0.0,11.154189710523648,11.154189710523648
1600,2.247311827956989,0.0,0.0,11.26568548328024,11.26568548328024
1601,2.2486559139784945,7.340075409466079,0.08180919502305392,11.35227581415127,11.35227581415127
1602,2.25,12.744386306645458,0.14204322525963475,11.806155064745099,10.71411567886973
1603,2.2513440860215055,14.095705337910172,0.15710442231825472,11.869141247570724,9.973061027779096
1604,2.252688172043011,15.45136789463252,0.17221403036742025,11.63433654181775,9.537210212456062
1605,2.254032258064516,16.04305258475057,0.17880868307951597,11.487245609719496,9.188426951149845
1606,2.2553763440860215,0.0,0.0,11.319363923540852,8.93251578985231
1607,2.256720430107527,0.0,0.0,10.346803581307507,10.346803581307507
1608,2.258064516129032,0.0,0.0,10.831325509887186,10.831325509887186
1609,2.2594086021505375,0.0,0.0,11.08442987955696,11.08442987955696
1610,2.260752688172043,0.0,0.0,11.23915663071394,11.23915663071394
1611,2.2620967741935485,0.0,0.0,11.343129606677643,11.343129606677643
1612,2.263440860215054,0.0,0.0,11.423898352256492,11.423898352256492
1613,2.264784946236559,0.0,0.0,11.493506254933932,11.493506254933932
1614,2.2661290322580645,44.43860895707983,0.4952928442716669,11.553898838067132,11.553898838067132
1615,2.26747311827957,25.698709677076685,0.28642631506230515,13.837054918589239,7.225581803195844
1616,2.268817204301075,4.275959506073343,0.04765793069263317,11.24923141803955,7.425837029290944
1617,2.2701612903225805,0.29777280081797436,0.0033188423518458994,9.946315061461377,9.310147729036117
1618,2.271505376344086,0.0,0.0,10.349366210315855,10.305064264028452
1619,2.2728494623655915,0.0,0.0,10.782715594633316,10.782715594633316
1620,2.274193548387097,0.6751769016926191,0.007525219530360473,11.03199892075503,11.03199892075503
1621,2.275537634408602,0.0,0.0,11.210187316318962,11.109736063715921
1622,2.2768817204301075,0.0,0.0,11.258669643750151,11.258669643750151
1623,2.278225806451613,0.0,0.0,11.35739522809004,11.35739522809004
1624,2.279569892473118,0.0,0.0,11.434481518028385,11.434481518028385
1625,2.2809139784946235,1.3836541652271188,0.015421589988236938,11.497580231506591,11.497580231506591
1626,2.282258064516129,7.7797367085668485,0.08670946306605491,11.635969923327592,11.430113067564248
1627,2.2836021505376345,9.90854679674851,0.11043622743233088,11.963701543345937,10.80625036967831
1628,2.28494623655914,12.175867085634803,0.13570676449711536,11.849344248413784,10.375173649991323
1629,2.286290322580645,13.002584764404967,0.14492098969762107,11.771404110854,9.959906861445775
1630,2.2876344086021505,0.0,0.0,11.603577333497174,9.669082946341266
1631,2.288978494623656,0.0,0.0,10.778136424674287,10.778136424674287
1632,2.2903225806451615,0.0,0.0,11.150077773082188,11.150077773082188
1633,2.2916666666666665,0.0,0.0,11.342595659670009,11.342595659670009
1634,2.293010752688172,0.0,0.0,11.45923422645279,11.45923422645279
1635,2.2943548387096775,0.0,0.0,11.53686833242649,11.53686833242649
1636,2.295698924731183,0.0,0.0,11.597574201622352,11.597574201622352
1637,2.297043010752688,0.0,0.0,11.650532750049562,11.650532750049562
1638,2.2983870967741935,51.38776707535862,0.57274505014562,11.696604915348352,11.696604915348352
1639,2.299731182795699,29.724192548426316,0.33129254530014407,14.31462128885049,6.669268554993064
1640,2.3010752688172045,7.17502144207589,0.0799695773823225,11.300814336419062,6.878517947697648
1641,2.3024193548387095,3.331001412067518,0.0371258507494982,9.886487541386115,8.819004501751088
1642,2.303763440860215,0.7345384162803191,0.00818683640114985,10.290022558037787,9.794443897947591
1643,2.3051075268817205,0.0,0.0,10.586293378179498,10.477010457191772
1644,2.306451612903226,0.0,0.0,10.864337133224927,10.864337133224927
1645,2.307795698924731,0.0,0.0,11.06845834219862,11.06845834219862
1646,2.3091397849462365,0.0,0.0,11.209100580779545,11.209100580779545
1647,2.310483870967742,0.0,0.0,11.316428878961904,11.316428878961904
1648,2.3118279569892475,0.0,0.0,11.401901141734617,11.401901141734617
1649,2.3131720430107525,1.3455276639878646,0.014996649071225878,11.471911117677166,11.471911117677166
1650,2.314516129032258,6.81161314545363,0.07591919117334363,11.612255686351983,11.412071202965794
1651,2.3158602150537635,8.964553930622161,0.09991490548709493,11.897603595151354,10.884187598554275
1652,2.317204301075269,11.141142798837823,0.12417419074937207,11.825967771905917,10.49224224145454
1653,2.318548387096774,12.408004390648491,0.13829406299182828,11.769604468115705,10.112051096892555
1654,2.3198924731182795,0.0,0.0,11.645269399639274,9.799235300694193
1655,2.321236559139785,0.0,0.0,10.848403012833616,10.848403012833616
1656,2.3225806451612905,0.0,0.0,11.20015324420452,11.20015324420452
1657,2.3239247311827955,0.0,0.0,11.381544508871775,11.381544508871775
1658,2.325268817204301,0.0,0.0,11.49111620919776,11.49111620919776
1659,2.3266129032258065,0.0,0.0,11.564137795413501,11.564137795413501
1660,2.327956989247312,0.0,0.0,11.621917761111042,11.621917761111042
1661,2.329301075268817,0.0,0.0,11.67296311384486,11.67296311384486
1662,2.3306451612903225,57.08019849456122,0.6361903427550567,11.71809043027866,11.71809043027866
1663,2.331989247311828,30.32456428945964,0.33798401999333094,14.621116402044521,6.128856931623219
1664,2.3333333333333335,14.139140592486537,0.15758853222371036,11.133664123219202,6.6220458201030885
1665,2.3346774193548385,8.038417780266094,0.08959260650299075,10.104770451106146,8.00118192536542
1666,2.336021505376344,6.060665855222239,0.06754946880791053,10.177583800633958,8.981646657420061
1667,2.3373655913978495,5.22960465099444,0.05828683261685925,10.460522624988988,9.558830823567272
1668,2.338709677419355,7.453007071364631,0.0830678807772386,10.669360554442914,9.891312110406783
1669,2.34005376344086,6.336238414812293,0.0706208772080791,10.941941666033173,9.833100569572306
1670,2.3413978494623655,5.444367854177582,0.06068048714938992,10.903433582719321,9.96074273538171
1671,2.342741935483871,6.450135304590318,0.07189032096016278,10.925273026610776,10.115272611589404
1672,2.3440860215053765,7.702035864269127,0.08584344423518427,11.055835423101083,10.096199260813997
1673,2.345430107526882,11.230426377689243,0.12516930555503092,11.134265174780607,9.988374152413257
1674,2.346774193548387,0.0,0.0,11.291291703289984,9.62045492839881
1675,2.3481182795698925,0.0,0.0,10.589790347288037,10.589790347288037
1676,2.349462365591398,0.0,0.0,10.949655612029607,10.949655612029607
1677,2.350806451612903,0.0,0.0,11.165987586945542,11.165987586945542
1678,2.3521505376344085,0.0,0.0,11.30357318185017,11.30357318185017
1679,2.353494623655914,0.0,0.0,11.398682333153745,11.398682333153745
1680,2.3548387096774195,0.0,0.0,11.472533170719656,11.472533170719656
1681,2.356182795698925,0.0,0.0,11.531929947361519,11.531929947361519
1682,2.35752688172043,0.0,0.0,11.582052902302868,11.582052902302868
1683,2.3588709677419355,0.0,0.0,11.625401179925776,11.625401179925776
1684,2.360215053763441,0.0,0.0,11.664428079100384,11.664428079100384
1685,2.361559139784946,0.0,0.0,11.701628003193587,11.701628003193587
1686,2.3629032258064515,0.0,0.0,11.73760793304804,11.73760793304804
1687,2.364247311827957,0.0,0.0,11.772747318520386,11.772747318520386
1688,2.3655913978494625,0.0,0.0,11.804560350172125,11.804560350172125
1689,2.366935483870968,0.0,0.0,11.831363558262566,11.831363558262566
1690,2.368279569892473,0.0,0.0,11.853238738452296,11.853238738452296
1691,2.3696236559139785,0.0,0.0,11.872670874720042,11.872670874720042
1692,2.370967741935484,0.0,0.0,11.884570111436961,11.884570111436961
1693,2.372311827956989,0.0,0.0,11.889984644985294,11.889984644985294
1694,2.3736559139784945,0.0,0.0,11.900808501053023,11.900808501053023
1695,2.375,0.0,0.0,11.91487629751974,11.91487629751974
1696,2.3763440860215055,0.0,0.0,11.929085714169874,11.929085714169874
1697,2.377688172043011,0.0,0.0,11.943069087884489,11.943069087884489
1698,2.379032258064516,0.0,0.0,11.969490810823903,11.969490810823903
1699,2.3803763440860215,0.0,0.0,11.993574313782549,11.993574313782549
1700,2.381720430107527,0.0,0.0,12.009532424239376,12.009532424239376
1701,2.383064516129032,0.0,0.0,12.022193820800823,12.022193820800823
1702,2.3844086021505375,0.0,0.0,12.033410540906365,12.033410540906365
1703,2.385752688172043,0.0,0.0,12.043638580156841,12.043638580156841
1704,2.3870967741935485,0.0,0.0,12.052529112045594,12.052529112045594
1705,2.388440860215054,0.0,0.0,12.059934500345678,12.059934500345678
1706,2.389784946236559,0.0,0.0,12.066424030460137,12.066424030460137
1707,2.3911290322580645,0.0,0.0,12.072137677920178,12.072137677920178
1708,2.39247311827957,0.0,0.0,12.07891977732869,12.07891977732869
1709,2.393817204301075,60.558879772188384,0.6749621671831041,12.08777271770731,12.08777271770731
1710,2.3951612903225805,37.10963366822771,0.41360736622445166,15.134938645193067,6.125129046992843
1711,2.396505376344086,10.020513230767586,0.11168415518861652,11.65300072864924,6.131915548945462
1712,2.3978494623655915,1.2837530797014776,0.014308137205688963,9.84749878542014,8.35667008077616
1713,2.399193548387097,0.005791367276848771,6.454798739408555e-05,10.059011803286763,9.868017999195207
1714,2.400537634408602,0.0,0.0,10.612327117036308,10.611465490852437
1715,2.4018817204301075,0.0,0.0,10.980168979429626,10.980168979429626
1716,2.403225806451613,0.0,0.0,11.19197144482468,11.19197144482468
1717,2.404569892473118,0.0,0.0,11.328548017747867,11.328548017747867
1718,2.4059139784946235,0.0,0.0,11.433320184336397,11.433320184336397
1719,2.407258064516129,0.0,0.0,11.51718465431801,11.51718465431801
1720,2.4086021505376345,0.0,0.0,11.585561024128383,11.585561024128383
1721,2.40994623655914,1.1775780129592501,0.013124757436797396,11.642321566551573,11.642321566551573
1722,2.411290322580645,3.4835074170245353,0.03882561441754245,11.763460658683416,11.588263334629506
1723,2.4126344086021505,5.824667638690651,0.06491913832160154,11.899675164834985,11.381407015236167
1724,2.413978494623656,6.211241404420306,0.06922771648015674,11.968001696863562,11.101421162434615
1725,2.4153225806451615,0.0,0.0,11.872388425859874,10.948294343657494
1726,2.4166666666666665,0.0,0.0,11.474262719581008,11.474262719581008
1727,2.418010752688172,0.0,0.0,11.652942603483979,11.652942603483979
1728,2.4193548387096775,0.0,0.0,11.750141656582267,11.750141656582267
1729,2.420698924731183,0.0,0.0,11.81377705695479,11.81377705695479
1730,2.422043010752688,0.0,0.0,11.859028624058114,11.859028624058114
1731,2.4233870967741935,0.0,0.0,11.895812624800353,11.895812624800353
1732,2.424731182795699,0.0,0.0,11.927243046480308,11.927243046480308
1733,2.4260752688172045,36.74236446008755,0.40951394802387675,11.955580070451315,11.955580070451315
1734,2.4274193548387095,20.235037265309604,0.2255306679549349,13.820940310375638,8.354496591165722
1735,2.428763440860215,0.8455396224199205,0.00942400615953649,11.607211902358902,8.596690015911241
1736,2.4301075268817205,0.0,0.0,10.462720952554466,10.336923529709201
1737,2.431451612903226,0.0,0.0,10.989813167676541,10.989813167676541
1738,2.432795698924731,0.0,0.0,11.307468312419449,11.307468312419449
1739,2.4341397849462365,0.0,0.0,11.48324969822415,11.48324969822415
1740,2.435483870967742,0.0,0.0,11.593583159096674,11.593583159096674
1741,2.4368279569892475,0.0,0.0,11.674489373354307,11.674489373354307
1742,2.4381720430107525,0.0,0.0,11.737266921473442,11.737266921473442
1743,2.439516129032258,0.0,0.0,11.787870788858696,11.787870788858696
1744,2.4408602150537635,0.0,0.0,11.829869122981865,11.829869122981865
1745,2.442204301075269,3.587752028007814,0.039987478190636,11.865526156303606,11.865526156303606
1746,2.443548387096774,7.38447589192192,0.08230406292640859,12.076285136100484,11.542507715191975
1747,2.4448924731182795,8.790812912316698,0.09797846586527237,12.16452219972912,11.065877013110734
1748,2.446236559139785,10.118001246594542,0.11277071297641698,12.047956354216197,10.74007960928097
1749,2.4475806451612905,0.0,0.0,11.947192014175453,10.441859268769633
1750,2.4489247311827955,0.0,0.0,11.277016903179398,11.277016903179398
1751,2.450268817204301,0.0,0.0,11.552841542480751,11.552841542480751
1752,2.4516129032258065,0.0,0.0,11.694710272184135,11.694710272184135
1753,2.452956989247312,0.0,0.0,11.780508183079327,11.780508183079327
1754,2.454301075268817,0.0,0.0,11.837836663658317,11.837836663658317
1755,2.4556451612903225,0.0,0.0,11.881989372183945,11.881989372183945
1756,2.456989247311828,0.0,0.0,11.917645950367396,11.917645950367396
1757,2.4583333333333335,42.409699954423814,0.472679532687939,11.94745300269206,11.94745300269206
1758,2.4596774193548385,25.707879341931694,0.28652851604234575,14.099899300927891,7.790282558617542
1759,2.461021505376344,4.269202910917019,0.047582624707340065,11.663015358455054,7.838256728248651
1760,2.4623655913978495,0.18194545528099887,0.0020278826039641876,10.300140996984224,9.664978895106815
1761,2.463709677419355,0.0,0.0,10.66447151844725,10.637402095837281
1762,2.46505376344086,0.0,0.0,11.084305752419114,11.084305752419114
1763,2.4663978494623655,0.54149284038536,0.0060352368213469985,11.314916504948155,11.314916504948155
1764,2.467741935483871,0.0,0.0,11.473023141022534,11.392461092830532
1765,2.4690860215053765,0.0,0.0,11.521399030489437,11.521399030489437
1766,2.470430107526882,0.0,0.0,11.607458078492328,11.607458078492328
1767,2.471774193548387,0.0,0.0,11.674340883542678,11.674340883542678
1768,2.4731182795698925,6.1243708952675755,0.06825949666924547,11.728439225143676,11.728439225143676
1769,2.474462365591398,13.012237043199715,0.14502856967661124,12.095818226955554,11.184648537511249
1770,2.475806451612903,15.582156272301356,0.17367173908273667,12.259150038909098,10.323219608113403
1771,2.4771505376344085,17.76743219143229,0.19802784632610496,12.035022004012157,9.716744954123405
1772,2.478494623655914,18.93825360923522,0.21107729777760925,11.845915421335636,9.2025180913993
1773,2.4798387096774195,0.0,0.0,11.621282277640448,8.803692854198054
1774,2.481182795698925,0.0,0.0,10.425736200823062,10.425736200823062
1775,2.48252688172043,0.0,0.0,10.968336695341558,10.968336695341558
1776,2.4838709677419355,0.0,0.0,11.246593519707842,11.246593519707842
1777,2.485215053763441,0.0,0.0,11.412621964143284,11.412621964143284
1778,2.486559139784946,0.0,0.0,11.521471455049642,11.521471455049642
1779,2.4879032258064515,0.0,0.0,11.60400695359041,11.60400695359041
1780,2.489247311827957,0.0,0.0,11.670188135457048,11.670188135457048
1781,2.4905913978494625,59.707066168551876,0.665468234037224,11.724697641572538,11.724697641572538
1782,2.491935483870968,35.828293658224915,0.3993261240135102,14.766947938392484,5.883869191403386
1783,2.493279569892473,11.958208198813239,0.13328083597088766,11.330602984099599,6.000152597577432
1784,2.4946236559139785,4.008591383458824,0.04467796527460621,9.753611695856998,7.97449723052595
1785,2.495967741935484,0.6510462047057494,0.007256269582885118,9.930649932326396,9.334261008723212
1786,2.497311827956989,0.0028956836384243854,3.2273993697042776e-05,10.32037882334897,10.223517679845394
1787,2.4986559139784945,0.009652278794747952,0.00010757997899014258,10.698074640162044,10.697643827070108
1788,2.5,-3.2467365235116628,-0.03618667201945797,10.955467919275826,10.954031875636039
1789,2.5013440860215055,-5.674377242631002,-0.06324406883859875,10.966216589301599,11.449258514819462
1790,2.502688172043011,-0.049975855697153175,-0.0005570085179097367,11.099420642419581,11.943641320490064
1791,2.504032258064516,0.0,0.0,11.649211109710816,11.656646401546338
1792,2.5053763440860215,2.0023652359704625,0.02231746664150508,11.623215353042783,11.623215353042783
1793,2.506720430107527,4.63261120753928,0.05163301091631894,11.748011684881833,11.450104431808198
1794,2.508064516129032,7.512368585952331,0.08372949764802796,11.840639882598591,11.151410737683234
1795,2.5094086021505375,10.003139128937038,0.11149051122643425,11.888109752291935,10.770436987446384
1796,2.510752688172043,13.289740058548718,0.14812149407257783,11.869924217499202,10.381680391406837
1797,2.5120967741935485,0.0,0.0,11.85293289506961,9.875716209630065
1798,2.513440860215054,0.0,0.0,10.942055256397525,10.942055256397525
1799,2.514784946236559,0.0,0.0,11.290067062829694,11.290067062829694
1800,2.5161290322580645,0.0,0.0,11.468241359354375,11.468241359354375
1801,2.51747311827957,0.0,0.0,11.575515866065238,11.575515866065238
1802,2.518817204301075,0.0,0.0,11.645794576888647,11.645794576888647
1803,2.5201612903225805,0.0,0.0,11.69924079975779,11.69924079975779
1804,2.521505376344086,0.0,0.0,11.744308777075776,11.744308777075776
1805,2.5228494623655915,53.94851663960525,0.6012860185717049,11.784597069893861,11.784597069893861
1806,2.524193548387097,31.421063160543007,0.35020510560661117,14.526671484190874,6.500336372698186
1807,2.525537634408602,6.145123294676283,0.06849079362407427,11.367152189735226,6.692399329139407
1808,2.5268817204301075,1.4946553713667203,0.016658759746623578,9.786536322892603,8.872279139622758
1809,2.528225806451613,0.05115707761216415,0.0005701738886477557,10.230845479244687,10.008474121623804
1810,2.529569892473118,0.0,0.0,10.658723883951465,10.6511128526606
1811,2.5309139784946235,0.0,0.0,10.973027947525578,10.973027947525578
1812,2.532258064516129,0.0,0.0,11.158406089589786,11.158406089589786
1813,2.5336021505376345,0.0,0.0,11.290712109534102,11.290712109534102
1814,2.53494623655914,0.0,0.0,11.393655917599427,11.393655917599427
1815,2.536290322580645,0.0,0.0,11.475984135881815,11.475984135881815
1816,2.5376344086021505,0.053087533371113736,0.0005916898844457842,11.543538304727385,11.543538304727385
1817,2.538978494623656,2.067035503895274,0.02303825250073904,11.613630149951515,11.605731909932691
1818,2.540322580645161,3.7846585154206713,0.0421821097620349,11.77075749754801,11.463228752087808
1819,2.5416666666666665,5.068411595122149,0.05649024696772387,11.835511415388833,11.272438704228689
1820,2.543010752688172,5.677470387070745,0.06327854364200186,11.847144180374173,11.093077665122472
1821,2.5443548387096775,0.0,0.0,11.799934282576583,10.955253413654376
1822,2.545698924731183,0.0,0.0,11.441946259865242,11.441946259865242
1823,2.547043010752688,0.0,0.0,11.609710001485373,11.609710001485373
1824,2.5483870967741935,0.0,0.0,11.699179051664478,11.699179051664478
1825,2.549731182795699,0.0,0.0,11.755318766609214,11.755318766609214
1826,2.551075268817204,0.0,0.0,11.794105360201893,11.794105360201893
1827,2.5524193548387095,0.0,0.0,11.826873260253267,11.826873260253267
1828,2.553763440860215,0.0,0.0,11.858726442958778,11.858726442958778
1829,2.5551075268817205,44.752790631848875,0.498794572587796,11.888825048157916,11.888825048157916
1830,2.556451612903226,29.621395779262247,0.33014681852389904,14.161473734270205,7.503257398401772
1831,2.557795698924731,21.813667462190633,0.24312537351877272,11.717625050559297,7.310622526601605
1832,2.5591397849462365,19.28718348766536,0.21496631401810293,10.92987347441661,7.684486650681926
1833,2.560483870967742,17.457111428181147,0.1945691500015719,10.77932163677435,7.9098192357536865
1834,2.561827956989247,15.711979422090714,0.17511868980015408,10.699106812105084,8.101878285187873
1835,2.563172043010753,19.36440171802334,0.21582695385002407,10.62214599506903,8.284554158225152
1836,2.564516129032258,19.802132561365163,0.22070570589722704,10.829038102812305,7.9480473526733535
1837,2.5658602150537635,19.841706904423628,0.2211467838110866,10.69968632667499,7.753570997471737
1838,2.567204301075269,20.795352049344725,0.2317756857353127,10.579769429592243,7.627766321465867
1839,2.568548387096774,21.759132087000307,0.24251754663747843,10.532062766440113,7.438178546702865
1840,2.5698924731182795,25.522072975132794,0.2844576014467855,10.464481207183482,7.227208030013589
1841,2.571236559139785,0.0,0.0,10.539578638154932,6.742463848014412
1842,2.5725806451612905,0.0,0.0,9.029299476613849,9.029299476613849
1843,2.573924731182796,0.0,0.0,9.853230442260593,9.853230442260593
1844,2.575268817204301,0.0,0.0,10.313365327757992,10.313365327757992
1845,2.5766129032258065,0.0,0.0,10.603187106523322,10.603187106523322
1846,2.577956989247312,0.0,0.0,10.803477877823072,10.803477877823072
1847,2.579301075268817,0.0,0.0,10.958450676500133,10.958450676500133
1848,2.5806451612903225,0.0,0.0,11.081827910900445,11.081827910900445
1849,2.581989247311828,0.0,0.0,11.183232500600935,11.183232500600935
1850,2.5833333333333335,0.0,0.0,11.270866097816015,11.270866097816015
1851,2.584677419354839,0.0,0.0,11.34830226149852,11.34830226149852
1852,2.586021505376344,0.0,0.0,11.419142681669227,11.419142681669227
1853,2.5873655913978495,0.0,0.0,11.483620862576235,11.483620862576235
1854,2.588709677419355,0.0,0.0,11.543753921836576,11.543753921836576
1855,2.59005376344086,0.0,0.0,11.594825486250267,11.594825486250267
1856,2.5913978494623655,0.0,0.0,11.635335170089826,11.635335170089826
1857,2.592741935483871,0.0,0.0,11.669523958569705,11.669523958569705
1858,2.5940860215053765,0.0,0.0,11.699949989309506,11.699949989309506
1859,2.595430107526882,0.0,0.0,11.721414132081035,11.721414132081035
1860,2.596774193548387,0.0,0.0,11.735158937570839,11.735158937570839
1861,2.5981182795698925,0.0,0.0,11.754006558084999,11.754006558084999
1862,2.599462365591398,0.0,0.0,11.775897632097461,11.775897632097461
1863,2.600806451612903,0.0,0.0,11.797262430059497,11.797262430059497
1864,2.6021505376344085,0.0,0.0,11.817568573511513,11.817568573511513
1865,2.603494623655914,0.024130696986869878,0.00026894994747535646,11.85035759339765,11.85035759339765
1866,2.6048387096774195,0.5525929609993203,0.006158953797185664,11.88154896114316,11.877958852043696
1867,2.606182795698925,1.4570114840672033,0.01623919782856202,11.92782735917997,11.845613860802214
1868,2.60752688172043,3.042880890044292,0.03391458837664245,11.969074010526246,11.752303223100528
1869,2.6088709677419355,4.788978124014196,0.05337580657595924,12.016934267311928,11.564221509869348
1870,2.610215053763441,6.0891400776667455,0.06786682974593145,12.02953868621848,11.317045634338587
1871,2.611559139784946,4.227698112099603,0.04712003079768245,11.985797582776808,11.079869452617721
1872,2.6129032258064515,4.709346823957526,0.05248827174929058,11.776307434262987,11.147320320036659
1873,2.614247311827957,5.04428089813528,0.056221297020248515,11.79647116794639,11.095825476094733
1874,2.6155913978494625,6.548105934357011,0.07298225774691273,11.781732630204276,11.03125622405204
1875,2.616935483870968,8.082335648782198,0.09008209540739591,11.819626691747398,10.84541468651648
1876,2.618279569892473,8.311094656217723,0.09263174090946226,11.81149076076829,10.609019618993367
1877,2.6196236559139785,109.11032472371032,1.2160948405024707,11.709381759499054,10.4728763834612
1878,2.620967741935484,62.9994584654404,0.7021637648707616,16.68163488653967,0.44845397803317555
1879,2.622311827956989,29.299974895397142,0.3265644052235273,10.453560177364107,1.0806469448439577
1880,2.6236559139784945,16.849017864112025,0.1877916113251929,8.225365229933693,3.86618295918088
1881,2.625,10.36123867222219,0.11548172844696857,8.346427783529927,5.839670005919244
1882,2.6263440860215055,6.689511818700067,0.07455830443911832,8.774365802185706,7.232844757057276
1883,2.627688172043011,7.608408759960073,0.0847999184389799,9.184058642550548,8.188808597996765
1884,2.629032258064516,2.5182795375497404,0.0280676165185282,9.689743940568357,8.557782541506933
1885,2.6303763440860215,1.1124251310947015,0.012398592578613934,9.681831979136026,9.307168193515823
1886,2.631720430107527,2.9762801663605307,0.033172286521610465,9.978191370489423,9.81268734100407
1887,2.633064516129032,4.419295846175349,0.049255493380636776,10.366599715574646,9.92379565924659
1888,2.6344086021505375,13.787315030417973,0.15366724198951967,10.575381032407549,9.917888451931466
1889,2.635752688172043,18.15545379898116,0.2023525614815087,11.1170376750974,9.06579294002688
1890,2.6370967741935485,20.507714141261236,0.22856980236140645,11.053611602299352,8.352485318043614
1891,2.638440860215054,22.75476464467856,0.25361442147031166,10.885052696419004,7.833962577147385
1892,2.639784946236559,23.645187363494053,0.26353867453215224,10.766442923653583,7.381041845039751
1893,2.6411290322580645,0.0,0.0,10.567643662739519,7.049767558355415
1894,2.64247311827957,0.0,0.0,9.172749718884118,9.172749718884118
1895,2.643817204301075,0.0,0.0,9.92336423801967,9.92336423801967
1896,2.6451612903225805,0.0,0.0,10.332394288394966,10.332394288394966
1897,2.646505376344086,0.0,0.0,10.592037419689817,10.592037419689817
1898,2.6478494623655915,0.0,0.0,10.77372313002205,10.77372313002205
1899,2.649193548387097,0.0,0.0,10.915492576282162,10.915492576282162
1900,2.650537634408602,0.0,0.0,11.032809923196636,11.032809923196636
1901,2.6518817204301075,70.67350272120476,0.7876952271668743,11.126761149360032,11.126761149360032
1902,2.653225806451613,41.081546392266496,0.45787652757889535,14.752185729968524,4.237546001636404
1903,2.654569892473118,14.573010524310458,0.16242425227931728,10.638786966706473,4.526769829230698
1904,2.6559139784946235,6.683237837483482,0.07448837745277473,8.927420664208393,6.75928197685928
1905,2.657258064516129,1.917907796516418,0.02137614182534133,9.192882047914033,8.19856543172611
1906,2.6586021505376345,0.3291427069009052,0.0036684772835638623,9.553174476702658,9.267832605477153
1907,2.65994623655914,0.8798052121412757,0.009805915084951496,9.963053403309361,9.914084315192653
1908,2.661290322580645,0.0,0.0,10.335630175500771,10.204734797734265
1909,2.6626344086021505,0.0,0.0,10.499359724746547,10.499359724746547
1910,2.663978494623656,-2.7952597254339913,-0.031154713713595444,10.688447643676085,10.688447643676085
1911,2.665322580645161,-1.5035109129228286,-0.016757459648979366,10.690852640612933,11.106724895820067
1912,2.6666666666666665,0.35423863176724985,0.003948185228938233,10.976824648032217,11.200513512575448
1913,2.668010752688172,3.1345775385943973,0.034936598177048805,11.177741440529891,11.12503863894974
1914,2.6693548387096775,4.682320443332231,0.05218704780811816,11.340355384881677,10.874000212861128
1915,2.670698924731183,6.8439482794160345,0.0762795841029606,11.367380843658609,10.670756073998353
1916,2.672043010752688,8.216984937968931,0.09158283611430838,11.426862830813239,10.408636088022877
1917,2.6733870967741935,0.0,0.0,11.39153972009806,10.169035769548119
1918,2.674731182795699,0.0,0.0,10.866131982742276,10.866131982742276
1919,2.676075268817204,0.0,0.0,11.110033829658637,11.110033829658637
1920,2.6774193548387095,0.0,0.0,11.244606372957053,11.244606372957053
1921,2.678763440860215,0.0,0.0,11.33275767742348,11.33275767742348
1922,2.6801075268817205,0.0,0.0,11.396594428666477,11.396594428666477
1923,2.681451612903226,0.0,0.0,11.44810815945407,11.44810815945407
1924,2.682795698924731,0.0,0.0,11.490791002442162,11.490791002442162
1925,2.6841397849462365,48.371912565939624,0.53913168571015,11.527434163727941,11.527434163727941
1926,2.685483870967742,27.00562822588556,0.30099264421757044,13.9869508480592,6.790289949452954
1927,2.686827956989247,3.778384534204086,0.042112182775691315,11.096509337921631,7.078674640345982
1928,2.688172043010753,0.3938129748257165,0.004389263142797818,9.696669733802256,9.134530451007972
1929,2.689516129032258,0.0,0.0,10.185326620865066,10.126736040361791
1930,2.6908602150537635,0.0,0.0,10.618308787183826,10.618308787183826
1931,2.692204301075269,-0.6573095596778114,-0.007326078133863657,10.868367339083303,10.868367339083303
1932,2.693548387096774,-9.574188083812242,-0.1067096148802331,10.9761111591057,11.073904150027136
1933,2.6948924731182795,-8.816926812740125,-0.09826951971054998,10.661497756750201,12.085923241782394
1934,2.696236559139785,-6.717940873459693,-0.07487516195834105,11.143574020513208,12.455335930952923
1935,2.6975806451612905,-5.51004985271155,-0.06141254930513284,11.50344990663356,12.502929559981373
1936,2.698924731182796,-0.010164580819759968,-0.00011328986804943797,11.673407963209625,12.49318039354975
1937,2.700268817204301,0.5019184973268934,0.0055941589074874135,12.032082958264604,12.033595221010811
1938,2.7016129032258065,1.300161953652549,0.014491023169972205,11.937037983939787,11.862363714670908
1939,2.702956989247312,2.242224364019949,0.02499082911941012,11.922548143252001,11.72911306497281
1940,2.704301075268817,2.97097141302342,0.03311311753316589,11.930539298260737,11.596946360738416
1941,2.7056451612903225,0.0,0.0,11.90904494264972,11.467030710323547
1942,2.706989247311828,0.0,0.0,11.693265702954994,11.693265702954994
1943,2.7083333333333335,0.0,0.0,11.76366067553483,11.76366067553483
1944,2.709677419354839,0.0,0.0,11.798433480176753,11.798433480176753
1945,2.711021505376344,0.0,0.0,11.818571240564594,11.818571240564594
1946,2.7123655913978495,0.0,0.0,11.830172762024525,11.830172762024525
1947,2.713709677419355,0.0,0.0,11.840307623619745,11.840307623619745
1948,2.71505376344086,0.0,0.0,11.856026814391331,11.856026814391331
1949,2.7163978494623655,25.499872733904876,0.2842101674951082,11.873419500114593,11.873419500114593
1950,2.717741935483871,12.483292165247525,0.1391331868279514,13.17129478079356,9.377482891024547
1951,2.7190860215053765,0.10858813644091446,0.001210274763639104,11.563672679393528,9.706437440058115
1952,2.720430107526882,0.0,0.0,10.890959869037802,10.874804378090207
1953,2.721774193548387,-0.849589546851604,-0.009469144804465524,11.275998338789112,11.275998338789112
1954,2.7231182795698925,-7.527719145433903,-0.08390058811294628,11.435302676447598,11.561702637651464
1955,2.724462365591398,-10.289943983203674,-0.11468710975538104,11.237728895738519,12.357685481200884
1956,2.725806451612903,-13.197861146056672,-0.14709745283985776,11.43065673461154,12.961570721355864
1957,2.7271505376344085,-15.704277366529151,-0.17503284613638168,11.599685673328484,13.563232827383745
1958,2.728494623655914,-20.479089206611395,-0.22825076165260516,11.799033161407738,14.13547910429873
1959,2.7298387096774195,-25.591873358950657,-0.2852355652814724,11.881094785385596,14.927926153307682
1960,2.731182795698925,-9.718186312092175,-0.10831455467760015,12.037951558978266,15.845451088242857
1961,2.73252688172043,-1.5814393658743215,-0.017626015304025057,13.33568216974112,14.781531377011257
1962,2.7338709677419355,0.0,0.0,13.490055023437892,13.725337902368716
1963,2.735215053763441,0.0,0.0,13.177271062474166,13.177271062474166
1964,2.736559139784946,0.0009652278794747952,1.075799789901426e-05,12.922285466234099,12.922285466234099
1965,2.7379032258064515,0.0,0.0,12.773804931025104,12.773661326661125
1966,2.739247311827957,0.0,0.0,12.674007088455772,12.674007088455772
1967,2.7405913978494625,0.0,0.0,12.60222359900304,12.60222359900304
1968,2.741935483870968,0.0,0.0,12.545869630308296,12.545869630308296
1969,2.743279569892473,0.0,0.0,12.49883930385537,12.49883930385537
1970,2.7446236559139785,0.0,0.0,12.458250674010635,12.458250674010635
1971,2.745967741935484,0.0,0.0,12.424064511991805,12.424064511991805
1972,2.747311827956989,0.0,0.0,12.395349694114898,12.395349694114898
1973,2.7486559139784945,17.18877807768715,0.1915784265856459,12.369292675817814,12.369292675817814
1974,2.75,7.16729961904009,0.07988351339913036,13.211473603313388,10.654167089582232
1975,2.7513440860215055,0.0,0.0,12.04125393233047,10.974919727607272
1976,2.752688172043011,0.0,0.0,11.675503257464321,11.675503257464321
1977,2.754032258064516,-3.6346846914658353,-0.04051056865001153,11.906835102093646,11.906835102093646
1978,2.7553763440860215,-13.074192079416258,-0.14571909277858958,11.837527931642017,12.37828788530681
1979,2.756720430107527,-12.853112446586481,-0.14325503814851434,11.556936103702647,13.502084061012381
1980,2.758064516129032,-19.072988859877935,-0.21257899657243293,12.03616851449884,13.948424757078554
1981,2.7594086021505375,-23.11086859052758,-0.2575833966550721,12.003981009515433,14.84161603087878
1982,2.760752688172043,-28.12539512827583,-0.31347306489279486,12.238912263183154,15.677293660477535
1983,2.7620967741935485,-30.6606109944043,-0.34172944614879225,12.43443796951431,16.618868988271185
1984,2.763440860215054,-11.877312687889525,-0.13237921081576828,12.810799249398787,17.372413801438984
1985,2.764784946236559,-3.483910075972729,-0.038830102273944865,14.214133797406712,15.981212816350482
1986,2.7661290322580645,-0.02541145204939992,-0.0002832246701235949,14.258550296199774,14.776878352462484
1987,2.76747311827957,0.0,0.0,13.964373507551084,13.968154164416603
1988,2.768817204301075,0.015443646071596723,0.00017212796638422815,13.591388325073511,13.591388325073511
1989,2.7701612903225805,0.0,0.0,13.370169171036032,13.367871501212374
1990,2.771505376344086,0.0,0.0,13.218647829664322,13.218647829664322
1991,2.7728494623655915,0.0,0.0,13.107673711254769,13.107673711254769
1992,2.774193548387097,0.0,0.0,13.016198804136781,13.016198804136781
1993,2.775537634408602,0.0,0.0,12.938950856471024,12.938950856471024
1994,2.7768817204301075,0.0,0.0,12.873744230851752,12.873744230851752
1995,2.778225806451613,0.0,0.0,12.816471785886815,12.816471785886815
1996,2.779569892473118,0.0,0.0,12.766731076828776,12.766731076828776
1997,2.7809139784946235,14.786325885674387,0.16480176981499942,12.721931193656228,12.721931193656228
1998,2.782258064516129,7.2179740827125185,0.08044830828882862,13.427551465509554,11.227676213721168
1999,2.7836021505376345,2.8372873517161605,0.03162313482415242,12.458026947967264,11.384153514135189
2000,2.78494623655914,1.3382884548918035,0.01491596408698327,12.179009510145653,11.756884482230516
2001,2.786290322580645,0.473444274882387,0.005276797969466493,12.200058135805664,12.000950685149316
2002,2.7876344086021505,-0.6823175660148728,-0.007604806178663846,12.245507512817248,12.175069572285738
2003,2.788978494623656,-4.355258395463197,-0.048541760618799834,12.254277004941324,12.355790629011443
2004,2.790322580645161,-7.017156045621788,-0.07821008033556874,12.144070245760785,12.792035482926671
2005,2.7916666666666665,-8.218316722119258,-0.09159767958432807,12.195174432971092,13.239170625267686
2006,2.793010752688172,-7.760206248622084,-0.08649178530153895,12.348972861652873,13.57167495195813
2007,2.7943548387096775,-5.669294952221122,-0.06318742390457403,12.55470243619761,13.709247913357483
2008,2.795698924731183,-2.2777131520278795,-0.02538637126541156,12.768279373346521,13.611743920043901
2009,2.797043010752688,0.0,0.0,12.952208479424183,13.291081356470238
2010,2.7983870967741935,0.0,0.0,12.968432772846059,12.968432772846059
2011,2.799731182795699,0.0,0.0,12.84162967919507,12.84162967919507
2012,2.801075268817204,0.0,0.0,12.777760461225036,12.777760461225036
2013,2.8024193548387095,0.0,0.0,12.739171881246776,12.739171881246776
2014,2.803763440860215,0.0,0.0,12.709967798577301,12.709967798577301
2015,2.8051075268817205,0.0,0.0,12.68326911033531,12.68326911033531
2016,2.806451612903226,0.0,0.0,12.659002062968888,12.659002062968888
2017,2.807795698924731,0.0,0.0,12.636373646957646,12.636373646957646
2018,2.8091397849462365,0.0,0.0,12.613687022191673,12.613687022191673
2019,2.810483870967742,0.0,0.0,12.59074089936353,12.59074089936353
2020,2.811827956989247,0.0,0.0,12.573198667053845,12.573198667053845
2021,2.813172043010753,0.0,0.0,12.561168103462315,12.561168103462315
2022,2.814516129032258,0.0,0.0,12.552750203560034,12.552750203560034
2023,2.8158602150537635,0.0,0.0,12.546870013279783,12.546870013279783
2024,2.817204301075269,0.0,0.0,12.542337244373943,12.542337244373943
2025,2.818548387096774,0.0,0.0,12.538340559077097,12.538340559077097
2026,2.8198924731182795,0.0,0.0,12.534808529285783,12.534808529285783
2027,2.821236559139785,0.0,0.0,12.529578235126737,12.529578235126737
2028,2.8225806451612905,0.0,0.0,12.523260176803884,12.523260176803884
2029,2.823924731182796,0.0,0.0,12.519807387735701,12.519807387735701
2030,2.825268817204301,0.0,0.0,12.51776379250731,12.51776379250731
2031,2.8266129032258065,0.0,0.0,12.516391941922876,12.516391941922876
2032,2.827956989247312,0.0,0.0,12.516957981524646,12.516957981524646
2033,2.829301075268817,0.0,0.0,12.523495331171743,12.523495331171743
2034,2.8306451612903225,0.0,0.0,12.529591241147326,12.529591241147326
2035,2.831989247311828,0.0,0.0,12.534615057117007,12.534615057117007
2036,2.8333333333333335,0.0,0.0,12.540377892802844,12.540377892802844
2037,2.834677419354839,0.0,0.0,12.546338743891662,12.546338743891662
2038,2.836021505376344,0.0,0.0,12.547736162753699,12.547736162753699
2039,2.8373655913978495,0.0,0.0,12.544527079912054,12.544527079912054
2040,2.838709677419355,0.0,0.0,12.538160610879403,12.538160610879403
2041,2.84005376344086,0.0,0.0,12.529940276961808,12.529940276961808
2042,2.8413978494623655,0.0,0.0,12.520356178532385,12.520356178532385
2043,2.842741935483871,0.0,0.0,12.50997995261501,12.50997995261501
2044,2.8440860215053765,0.0,0.0,12.504400019873005,12.504400019873005
2045,2.845430107526882,19.773175724980916,0.22038296596025658,12.502567040830593,12.502567040830593
2046,2.846774193548387,10.02726982592391,0.11175946117390961,13.493991251767165,10.55218405348327
2047,2.8481182795698925,0.28763790808348894,0.003205883373906249,12.248916617569897,10.757082682378066
2048,2.849462365591398,0.0,0.0,11.690978571717306,11.648184471251678
2049,2.850806451612903,0.0,0.0,11.966153767117438,11.966153767117438
2050,2.8521505376344085,0.0,0.0,12.119095782043825,12.119095782043825
2051,2.853494623655914,0.0,0.0,12.19954708696863,12.19954708696863
2052,2.8548387096774195,0.0,0.0,12.247013714706565,12.247013714706565
2053,2.856182795698925,-2.6715906587935785,-0.029776353652327284,12.281740041497061,12.281740041497061
2054,2.85752688172043,-9.147275689382324,-0.10195144042215672,12.174460310439501,12.571933368901108
2055,2.8588709677419355,-11.642680280633398,-0.12976410302829375,11.973026491288755,13.333936940980223
2056,2.860215053763441,-1.1655386006658097,-0.012990571536335555,12.172667231900526,13.904838185786
2057,2.861559139784946,0.0,0.0,12.997839607866421,13.171245736098244
2058,2.8629032258064515,0.009169664855010553,0.00010220098004063544,12.856841136764237,12.856841136764237
2059,2.864247311827957,0.518327371277965,0.005777044871770657,12.732553426923486,12.73118918546569
2060,2.8655913978494625,1.051133160748052,0.011715459712026529,12.700595763452112,12.623480219995596
2061,2.866935483870968,0.0,0.0,12.674886977213019,12.518501824840309
2062,2.868279569892473,0.0,0.0,12.566317777459433,12.566317777459433
2063,2.8696236559139785,0.0,0.0,12.568206506510567,12.568206506510567
2064,2.870967741935484,0.0,0.0,12.562602159484088,12.562602159484088
2065,2.872311827956989,0.0,0.0,12.555334666833451,12.555334666833451
2066,2.8736559139784945,0.0,0.0,12.548155760884717,12.548155760884717
2067,2.875,0.0,0.0,12.541754179701014,12.541754179701014
2068,2.8763440860215055,0.0,0.0,12.534950364239608,12.534950364239608
2069,2.877688172043011,22.78275625318333,0.25392640340938305,12.52738250269628,12.52738250269628
2070,2.879032258064516,10.775321432516876,0.12009690954564567,13.664944504599255,10.275378899430041
2071,2.8803763440860215,0.0,0.0,12.190000509304143,10.586873192028888
2072,2.881720430107527,0.0,0.0,11.598516119375226,11.598516119375226
2073,2.883064516129032,0.0,0.0,11.931996426706608,11.931996426706608
2074,2.8844086021505375,-3.7329423060568483,-0.04160570404115609,12.097255259191533,12.097255259191533
2075,2.885752688172043,-8.922807862945957,-0.09944962250273162,11.999301216876164,12.554679710420965
2076,2.8870967741935485,-14.440481151272328,-0.16094713920890155,11.936918811679256,13.264433459058635
2077,2.888440860215054,-18.326739218027225,-0.2042616320931367,11.981781230692173,14.130202505471333
2078,2.889784946236559,-25.297947563579264,-0.28195959993037617,12.200762329343794,14.927372060756388
2079,2.8911290322580645,-25.63337873063135,-0.2856981655760077,12.268120208555057,16.03189014007514
2080,2.89247311827957,-5.551555224392236,-0.06187514959966804,12.801490832390831,16.615165434535772
2081,2.893817204301075,-0.1880447451655594,-0.0020958625589146025,14.192435600202804,15.018383103423277
2082,2.8951612903225805,0.0,0.0,13.981575004271681,14.009551865076524
2083,2.896505376344086,0.0,0.0,13.574086953151198,13.574086953151198
2084,2.8978494623655915,0.0,0.0,13.346924772709311,13.346924772709311
2085,2.899193548387097,0.0,0.0,13.206849822664651,13.206849822664651
2086,2.900537634408602,0.0,0.0,13.107850669325977,13.107850669325977
2087,2.9018817204301075,0.0,0.0,13.03412686571113,13.03412686571113
2088,2.903225806451613,0.0,0.0,12.976234171661634,12.976234171661634
2089,2.904569892473118,0.0,0.0,12.927812771925671,12.927812771925671
2090,2.9059139784946235,0.0,0.0,12.885338010494891,12.885338010494891
2091,2.907258064516129,0.0,0.0,12.847117530138608,12.847117530138608
2092,2.9086021505376345,0.0,0.0,12.811601690078925,12.811601690078925
2093,2.90994623655914,4.361382173406862,0.04861001350669593,12.778451663412904,12.778451663412904
2094,2.911290322580645,1.1795084687181996,0.013146273432595423,12.972032796391156,12.32315647775379
2095,2.9126344086021505,0.0,0.0,12.630195875511204,12.454711342729338
2096,2.913978494623656,-4.419898559792292,-0.04926221095683061,12.583188511818863,12.583188511818863
2097,2.915322580645161,-14.500621587789244,-0.16161743759486075,12.400904730923795,13.058486981733136
2098,2.9166666666666665,-20.778944340794315,-0.23159281276006358,12.080444327658402,14.237813157019291
2099,2.918010752688172,-22.687344389704247,-0.25286298548634556,12.253079584761892,15.344522703697109
2100,2.9193548387096775,-34.79336014603837,-0.38779121833322616,12.687509543876772,16.062879993412494
2101,2.920698924731183,-37.3624579482327,-0.4164252324827216,12.495910288814741,17.67238566908391
2102,2.922043010752688,-42.11524652987213,-0.46939768661817133,13.123085715625876,18.681785504999056
2103,2.9233870967741935,-43.33923147025157,-0.4830396748957912,13.481164937334984,19.74697358245581
2104,2.924731182795699,-14.863158303694012,-0.16565810955529067,14.031027017121076,20.47893730126442
2105,2.926075268817204,-3.9684217617146214,-0.04423025265096808,15.954345599802862,18.16565180044516
2106,2.9274193548387095,-1.4730171704635486,-0.01641759004483105,15.796868931234682,16.387281511733296
2107,2.928763440860215,-0.403195039183812,-0.004493831432627706,15.18600951454257,15.405161590847179
2108,2.9301075268817205,0.0,0.0,14.741895127846911,14.801881550113153
2109,2.931451612903226,0.0,0.0,14.41914135239174,14.41914135239174
2110,2.932795698924731,0.0,0.0,14.169769335851965,14.169769335851965
2111,2.9341397849462365,0.0,0.0,13.982334419555757,13.982334419555757
2112,2.935483870967742,0.0,0.0,13.831984895101463,13.831984895101463
2113,2.936827956989247,0.0,0.0,13.707009801905732,13.707009801905732
2114,2.938172043010753,0.0,0.0,13.597429879885782,13.597429879885782
2115,2.939516129032258,0.0,0.0,13.498526763354498,13.498526763354498
2116,2.9408602150537635,0.0,0.0,13.41305929472411,13.41305929472411
2117,2.942204301075269,0.05405276125058853,0.0006024478823447984,13.337202428623257,13.337202428623257
2118,2.943548387096774,0.0,0.0,13.278354557696039,13.270312713313237
2119,2.9448924731182795,0.0,0.0,13.229202532393753,13.229202532393753
2120,2.946236559139785,0.0,0.0,13.19427501851321,13.19427501851321
2121,2.9475806451612905,-0.5099231377912917,-0.005683375047146805,13.163340409984874,13.163340409984874
2122,2.948924731182796,-2.12270329452654,-0.02365870077765763,13.110092567462363,13.185957748563785
2123,2.950268817204301,-0.07708140454984642,-0.000859114832708238,13.020925587630158,13.336736457796546
2124,2.9516129032258065,-3.0688563591658635,-0.034204099328592814,13.1689972956218,13.180465288113876
2125,2.952956989247312,-4.530014852006359,-0.05048951786069952,12.962222471233252,13.41879979869248
2126,2.954301075268817,-7.060995476126592,-0.07869869500500959,12.969110164233141,13.643075261459733
2127,2.9556451612903225,-13.379976552410703,-0.14912722964241018,12.939565291216262,13.990083812248587
2128,2.956989247311828,-0.08639893696795972,-0.0009629638784202227,12.777943594234587,14.76858545582607
2129,2.9583333333333335,0.0,0.0,13.78903679100937,13.801891024352136
2130,2.959677419354839,0.0,0.0,13.500963001557844,13.500963001557844
2131,2.961021505376344,0.0,0.0,13.353147853545313,13.353147853545313
2132,2.9623655913978495,0.0,0.0,13.268457784856547,13.268457784856547
2133,2.963709677419355,0.0,0.0,13.217204106625283,13.217204106625283
2134,2.96505376344086,0.0,0.0,13.17657126937296,13.17657126937296
2135,2.9663978494623655,0.0,0.0,13.139252224534484,13.139252224534484
2136,2.967741935483871,0.0,0.0,13.104920136567333,13.104920136567333
2137,2.9690860215053765,0.0,0.0,13.073669467036652,13.073669467036652
2138,2.970430107526882,0.0,0.0,13.043752780500398,13.043752780500398
2139,2.971774193548387,0.0,0.0,13.014797457501606,13.014797457501606
2140,2.9731182795698925,0.0,0.0,12.992243810376191,12.992243810376191
2141,2.974462365591398,13.994356410565318,0.15597483253885824,12.972429268948247,12.972429268948247
2142,2.975806451612903,6.568375719825982,0.07320817570279203,13.65768866845693,11.575640797312996
2143,2.9771505376344085,0.0,0.0,12.738541423731958,11.76131372685749
2144,2.978494623655914,0.0,0.0,12.369612566411838,12.369612566411838
2145,2.9798387096774195,0.0,0.0,12.564179231737395,12.564179231737395
2146,2.981182795698925,-7.535342581048723,-0.08398555551398335,12.656286772448116,12.656286772448116
2147,2.98252688172043,-9.087982301267058,-0.101290582858535,12.324033179722894,13.445123962244915
2148,2.9838709677419355,-12.465164278632308,-0.13893114151796077,12.559571687526043,13.9116606045313
2149,2.985215053763441,-14.758971350291475,-0.16449688840778395,12.634894180862268,14.489432395295054
2150,2.986559139784946,-17.479690816380558,-0.1948208097556835,12.810447509095324,15.006253016588994
2151,2.9879032258064515,-24.546615631318677,-0.2735855905170553,12.956792499277713,15.557380335172994
2152,2.989247311827957,-6.978831781166864,-0.07778293523827662,12.906927324059364,16.55891583425559
2153,2.9905913978494625,-0.330348876642199,-0.0036819207116067345,14.276721995226263,15.315016392393408
2154,2.991935483870968,0.0,0.0,14.269149039168493,14.318297578420244
2155,2.993279569892473,0.0,0.0,13.894723438589732,13.894723438589732
2156,2.9946236559139785,0.0,0.0,13.677359792190236,13.677359792190236
2157,2.995967741935484,0.0,0.0,13.545603399284845,13.545603399284845
2158,2.997311827956989,0.0,0.0,13.44940890068158,13.44940890068158
2159,2.9986559139784945,0.0,0.0,13.370346288004102,13.370346288004102
2160,3.0,0.0,0.0,13.300190499383726,13.300190499383726
2161,3.001388888888889,0.0,0.0,13.236689764048585,13.236689764048585
2162,3.0027777777777778,0.0,0.0,13.17885886678752,13.17885886678752
2163,3.004166666666667,0.0,0.0,13.125387390299414,13.125387390299414
2164,3.0055555555555555,0.0,0.0,13.08304294663658,13.08304294663658
2165,3.0069444444444446,14.884296515441077,0.16589370660174935,13.047573595155884,13.047573595155884
2166,3.0083333333333333,10.152266836315896,0.11315262190183197,13.765374599249906,11.55092350451769
2167,3.0097222222222224,7.19336077178591,0.08017397934240375,12.939717726642337,11.429287026315276
2168,3.011111111111111,4.260998473941483,0.04749118172519844,12.6243830145093,11.55417149195868
2169,3.0125,1.2118436026806054,0.013506666362212403,12.456314893988228,11.822373429204637
2170,3.013888888888889,0.18628898073863548,0.002076293594509752,12.372644511098638,12.192349232123489
2171,3.015277777777778,1.1109772892754892,0.01238245558176541,12.453119537772402,12.425403895524529
2172,3.0166666666666666,1.3575930124812994,0.015131124044963555,12.602293401426865,12.43700477848748
2173,3.0180555555555557,1.0907075038065184,0.01215653762588611,12.636188617379911,12.43420907944399
2174,3.0194444444444444,0.8397482551430718,0.009359458172142406,12.627767985023668,12.465495053727835
2175,3.0208333333333335,1.0810552250117706,0.01204895764689597,12.629550803130362,12.504615006468969
2176,3.022222222222222,2.290968371933426,0.025534108013310342,12.66022169399679,12.499384806340743
2177,3.0236111111111112,0.0,0.0,12.722704698454534,12.381859740551294
2178,3.025,0.0,0.0,12.563042899702026,12.563042899702026
2179,3.026388888888889,0.0,0.0,12.62826395953275,12.62826395953275
2180,3.0277777777777777,0.0,0.0,12.668626539334587,12.668626539334587
2181,3.029166666666667,0.0,0.0,12.695296514868744,12.695296514868744
2182,3.0305555555555554,0.0,0.0,12.712311037767842,12.712311037767842
2183,3.0319444444444446,0.0,0.0,12.722586583597309,12.722586583597309
2184,3.033333333333333,0.0,0.0,12.728893535628343,12.728893535628343
2185,3.0347222222222223,0.0,0.0,12.73297476884025,12.73297476884025
2186,3.036111111111111,0.0,0.0,12.735506819110048,12.735506819110048
2187,3.0375,0.0,0.0,12.73540512272099,12.73540512272099
2188,3.0388888888888888,0.0,0.0,12.737409140892225,12.737409140892225
2189,3.040277777777778,0.0,0.0,12.739932766014029,12.739932766014029
2190,3.0416666666666665,0.0,0.0,12.742351443187216,12.742351443187216
2191,3.0430555555555556,0.0,0.0,12.744233224919912,12.744233224919912
2192,3.0444444444444443,0.0,0.0,12.74515518183222,12.74515518183222
2193,3.0458333333333334,0.0,0.0,12.74586515420206,12.74586515420206
2194,3.047222222222222,0.0,0.0,12.74640190056651,12.74640190056651
2195,3.048611111111111,0.0,0.0,12.745086388691426,12.745086388691426
2196,3.05,0.0,0.0,12.742391427396127,12.742391427396127
2197,3.051388888888889,0.0,0.0,12.741632622135842,12.741632622135842
2198,3.0527777777777776,0.0,0.0,12.741828048518597,12.741828048518597
2199,3.0541666666666667,0.0,0.0,12.741939586939559,12.741939586939559
2200,3.0555555555555554,0.0,0.0,12.742910426825276,12.742910426825276
2201,3.0569444444444445,0.0,0.0,12.748736923263946,12.748736923263946
2202,3.058333333333333,0.0,0.0,12.75429043594565,12.75429043594565
2203,3.0597222222222222,0.0,0.0,12.758300251843018,12.758300251843018
2204,3.061111111111111,0.0,0.0,12.762401128762455,12.762401128762455
2205,3.0625,0.0,0.0,12.767697807139388,12.767697807139388
2206,3.063888888888889,0.0,0.0,12.76994462078001,12.76994462078001
2207,3.0652777777777778,0.0,0.0,12.767562122123035,12.767562122123035
2208,3.066666666666667,0.0,0.0,12.763144895180954,12.763144895180954
2209,3.0680555555555555,0.0,0.0,12.75790278197159,12.75790278197159
2210,3.0694444444444446,0.0,0.0,12.751877318657895,12.751877318657895
2211,3.0708333333333333,0.0,0.0,12.743946623192784,12.743946623192784
2212,3.0722222222222224,0.0,0.0,12.74002722727889,12.74002722727889
2213,3.073611111111111,78.83788273974233,0.8786917523956866,12.739218404252547,12.739218404252547
2214,3.075,44.150005821116864,0.49207620289986165,16.692833733938286,4.963516492893061
2215,3.076388888888889,11.784467180507773,0.13134439634906508,11.937091287555017,5.368555876991229
2216,3.077777777777778,4.291885766084677,0.047835437657966905,9.87649883614355,8.123233156328654
2217,3.0791666666666666,1.243213508763536,0.013856301293930364,10.313667806669702,9.675131002238796
2218,3.0805555555555557,0.03764388729951701,0.0004195619180615561,10.803887892724049,10.618925471919594
2219,3.0819444444444444,0.03764388729951701,0.0004195619180615561,11.180957095552248,11.175356525357083
2220,3.0833333333333335,0.0,0.0,11.476712784894115,11.47111221469895
2221,3.084722222222222,0.0,0.0,11.667575647527856,11.667575647527856
2222,3.0861111111111112,0.0,0.0,11.80699670475261,11.80699670475261
2223,3.0875,0.0,0.0,11.912986751221508,11.912986751221508
2224,3.088888888888889,0.0,0.0,11.997029085247895,11.997029085247895
2225,3.0902777777777777,1.2523831736185465,0.013958502273970998,12.068890883010939,12.068890883010939
2226,3.091666666666667,3.0481896433814026,0.03397375736508702,12.19150129819178,12.005174635929528
2227,3.0930555555555554,5.809706606558793,0.06475238935416683,12.300539165194913,11.84703658375045
2228,3.0944444444444446,7.237761254241751,0.08066884724575842,12.415132044652207,11.55077737786493
2229,3.095833333333333,0.0,0.0,12.369155666451404,11.292338343157768
2230,3.0972222222222223,0.0,0.0,11.878801209380393,11.878801209380393
2231,3.098611111111111,0.0,0.0,12.074199737659042,12.074199737659042
2232,3.1,0.0,0.0,12.177739744617703,12.177739744617703
2233,3.1013888888888888,0.0,0.0,12.242143615433706,12.242143615433706
2234,3.102777777777778,0.0,0.0,12.286405693542653,12.286405693542653
2235,3.1041666666666665,0.0,0.0,12.321241413457665,12.321241413457665
2236,3.1055555555555556,0.0,0.0,12.350132198758017,12.350132198758017
2237,3.1069444444444443,38.56761038017439,0.42985732205091276,12.374097982183569,12.374097982183569
2238,3.1083333333333334,21.240322101782603,0.23673512276675823,14.328778380053805,8.59077880856033
2239,3.109722222222222,3.6389091056199776,0.04055765207928375,12.002561354532297,8.842475523000909
2240,3.111111111111111,0.9478537776442489,0.010564353936832003,10.93646272288511,10.395074270685736
2241,3.1125,0.028474222444506456,0.00031736093802092063,11.291144451057587,11.150124965630589
2242,3.113888888888889,0.0,0.0,11.583279442264793,11.579043113527424
2243,3.1152777777777776,0.0,0.0,11.797456375862529,11.797456375862529
2244,3.1166666666666667,0.0,0.0,11.928389220827581,11.928389220827581
2245,3.1180555555555554,0.0,0.0,12.020120389151716,12.020120389151716
2246,3.1194444444444445,0.0,0.0,12.08924797073962,12.08924797073962
2247,3.120833333333333,0.0,0.0,12.143876654852917,12.143876654852917
2248,3.1222222222222222,0.0,0.0,12.188406413470895,12.188406413470895
2249,3.123611111111111,2.6799552073617687,0.029869581166613087,12.225573956274989,12.225573956274989
2250,3.125,5.072755120579786,0.056538657958269435,12.391587158020398,11.992869641433776
2251,3.126388888888889,5.808741378679318,0.06474163135626781,12.444782533933665,11.69006979904406
2252,3.1277777777777778,6.332860117234131,0.07058322421543255,12.369164607820467,11.50495354539717
2253,3.129166666666667,0.0,0.0,12.299356016829485,11.3571677847658
2254,3.1305555555555555,0.0,0.0,11.896587417858482,11.896587417858482
2255,3.1319444444444446,0.0,0.0,12.079349657639396,12.079349657639396
2256,3.1333333333333333,0.0,0.0,12.175272934018482,12.175272934018482
2257,3.1347222222222224,0.0,0.0,12.234564775720653,12.234564775720653
2258,3.136111111111111,0.0,0.0,12.275112328595936,12.275112328595936
2259,3.1375,0.0,0.0,12.306723549777203,12.306723549777203
2260,3.138888888888889,0.0,0.0,12.332474691998849,12.332474691998849
2261,3.140277777777778,31.288826941054957,0.34873125989444614,12.354129587872052,12.354129587872052
2262,3.1416666666666666,19.532351369051955,0.21769884548445254,13.941923989871514,9.286844927140766
2263,3.1430555555555557,2.6017717491243104,0.028998183336792934,12.172260465596397,9.266282556125166
2264,3.1444444444444444,0.009652278794747952,0.00010757997899014258,11.089034502940056,10.701948939835702
2265,3.1458333333333335,0.0,0.0,11.408576256552488,11.4071402129127
2266,3.147222222222222,0.0,0.0,11.724065914139327,11.724065914139327
2267,3.1486111111111112,0.0,0.0,11.885841730397868,11.885841730397868
2268,3.15,-3.534732980071529,-0.03939655161419205,11.973065291258925,11.973065291258925
2269,3.151388888888889,-6.536672515507306,-0.07285482597812608,11.862798158035774,12.388687528029523
2270,3.1527777777777777,-7.56160108149977,-0.0842782210064444,11.903072694846754,12.875583662553863
2271,3.154166666666667,-9.104076220898346,-0.10146995848294663,12.091102747113865,13.216100208396922
2272,3.1555555555555554,-0.23802060086271257,-0.002652871076824339,12.211893010726481,13.566376343746565
2273,3.1569444444444446,0.0,0.0,12.876386240993824,12.91179839363419
2274,3.158333333333333,0.22538070985736466,0.0025119925094198295,12.710651442377847,12.710651442377847
2275,3.1597222222222223,1.4319155592008588,0.015959489883187655,12.641780878853616,12.60824925986461
2276,3.161111111111111,2.180449779733562,0.024302317253873208,12.663068462589724,12.45003138862745
2277,3.1625,0.0,0.0,12.632615314920518,12.308213056692829
2278,3.1638888888888888,0.0,0.0,12.450732800948998,12.450732800948998
2279,3.165277777777778,0.0,0.0,12.48761809315189,12.48761809315189
2280,3.1666666666666665,0.0,0.0,12.503495961424374,12.503495961424374
2281,3.1680555555555556,0.0,0.0,12.511251929501636,12.511251929501636
2282,3.1694444444444443,0.0,0.0,12.514307060789573,12.514307060789573
2283,3.1708333333333334,0.0,0.0,12.515516476158382,12.515516476158382
2284,3.172222222222222,0.0,0.0,12.516495598015293,12.516495598015293
2285,3.173611111111111,32.68502906871525,0.3642927038553703,12.517095750605161,12.517095750605161
2286,3.175,17.214356616493234,0.19186351352996978,14.158978870508559,9.296176095282746
2287,3.176388888888889,0.41215230453573753,0.004593665102879088,12.138819027679036,9.577706998302446
2288,3.1777777777777776,0.0,0.0,11.16311873504876,11.101799671629893
2289,3.1791666666666667,0.0,0.0,11.638321273971757,11.638321273971757
2290,3.1805555555555554,0.0,0.0,11.898980169519591,11.898980169519591
2291,3.1819444444444445,-1.5949921403006684,-0.01777706846142431,12.036021983126469,12.036021983126469
2292,3.183333333333333,-7.654776405680902,-0.08531671146356425,12.03514602640564,12.27244525566474
2293,3.1847222222222222,-4.218301040200387,-0.047015295240516765,11.851924395127538,12.9907842649175
2294,3.186111111111111,0.0,0.0,12.339516914749023,12.967105954425245
2295,3.1875,0.0,0.0,12.617727695527067,12.617727695527067
2296,3.188888888888889,0.0,0.0,12.521207074337564,12.521207074337564
2297,3.1902777777777778,0.46958336336448786,0.005233765977870437,12.49401793715647,12.49401793715647
2298,3.191666666666667,1.5530516580749454,0.017309618619513942,12.513460853338747,12.443597330263152
2299,3.1930555555555555,4.934727533814891,0.0550002642587104,12.5570290392779,12.32596961763631
2300,3.1944444444444446,7.641709121801952,0.08517106936649588,12.688958769803815,11.95478145896315
2301,3.1958333333333333,0.0,0.0,12.670771984882165,11.53385623526348
2302,3.1972222222222224,0.0,0.0,12.089095580689886,12.089095580689886
2303,3.198611111111111,0.0,0.0,12.255484672695632,12.255484672695632
2304,3.2,0.0,0.0,12.335526292093537,12.335526292093537
2305,3.201388888888889,0.0,0.0,12.379924475027794,12.379924475027794
2306,3.202777777777778,0.0,0.0,12.404895500455032,12.404895500455032
2307,3.2041666666666666,0.0,0.0,12.422451216067964,12.422451216067964
2308,3.2055555555555557,0.0,0.0,12.438586525607956,12.438586525607956
2309,3.2069444444444444,36.476444179292244,0.4065501196026983,12.453634516405748,12.453634516405748
2310,3.2083333333333335,20.121622989471316,0.22426660320180072,14.296619694552302,8.869738977618493
2311,3.209722222222222,1.6973532260564272,0.018917939305416572,12.09346691363525,9.099818539955077
2312,3.2111111111111112,0.0,0.0,10.990584660037303,10.738056385980912
2313,3.2125,0.0,0.0,11.430632824780131,11.430632824780131
2314,3.213888888888889,0.0,0.0,11.752769517061957,11.752769517061957
2315,3.2152777777777777,0.0,0.0,11.923384950364271,11.923384950364271
2316,3.216666666666667,0.0,0.0,12.022632454205793,12.022632454205793
2317,3.2180555555555554,0.0,0.0,12.095475694657877,12.095475694657877
2318,3.2194444444444446,0.0,0.0,12.153119230481309,12.153119230481309
2319,3.220833333333333,0.0,0.0,12.199029362854278,12.199029362854278
2320,3.2222222222222223,0.0,0.0,12.236418958348539,12.236418958348539
2321,3.223611111111111,2.617215395195907,0.02917031130317716,12.27549521433307,12.27549521433307
2322,3.225,7.063055008056813,0.07872164962603684,12.4408881192193,12.051504886291289
2323,3.2263888888888888,10.640189529390403,0.11859078983978366,12.597811070341228,11.546986136927721
2324,3.227777777777778,12.279629082678344,0.1368632492712594,12.58468668302708,11.00166397670883
2325,3.2291666666666665,0.0,0.0,12.414993917719022,10.588059199183096
2326,3.2305555555555556,0.0,0.0,11.574551353103613,11.574551353103613
2327,3.2319444444444443,0.0,0.0,11.890570650599333,11.890570650599333
2328,3.2333333333333334,0.0,0.0,12.048066539701113,12.048066539701113
2329,3.234722222222222,0.0,0.0,12.138608427495726,12.138608427495726
2330,3.236111111111111,0.0,0.0,12.195355635206115,12.195355635206115
2331,3.2375,0.0,0.0,12.236896279860645,12.236896279860645
2332,3.238888888888889,0.0,0.0,12.271437775903083,12.271437775903083
2333,3.2402777777777776,51.168660346717836,0.5703029846225438,12.300269480854743,12.300269480854743
2334,3.2416666666666667,33.15412981814,0.36952109083429124,14.89067366288085,7.277919119646572
2335,3.2430555555555554,23.45552008517726,0.261424727944996,12.051400451219088,7.118805955099668
2336,3.2444444444444445,19.701266247960046,0.21958149511678005,11.129987661372663,7.640329814510357
2337,3.245833333333333,17.091772675799938,0.190497247796795,10.95634323904693,8.025234565879442
2338,3.2472222222222222,15.319131675144472,0.17074018465525528,10.898365300246137,8.355491025094832
2339,3.248611111111111,16.11351421995223,0.17959401692614402,10.882051661623532,8.602906800918952
2340,3.25,16.65693751609654,0.18565076974328906,10.984455058649488,8.587123806390506
2341,3.251388888888889,17.876502941812944,0.19924350008869357,10.994045227146131,8.51586471796719
2342,3.2527777777777778,18.243289536013364,0.20333153929031897,11.008986903925386,8.349362280859467
2343,3.2541666666666664,18.82628717521614,0.2098293700213236,10.93825831329435,8.224064031916559
2344,3.2555555555555555,20.132240496145542,0.2243849411786899,10.885714926204075,8.084783608983201
2345,3.2569444444444446,0.0,0.0,10.87132957013103,7.87610154844709
2346,3.2583333333333333,0.0,0.0,9.748963258597943,9.748963258597943
2347,3.2597222222222224,0.0,0.0,10.44257798823889,10.44257798823889
2348,3.261111111111111,0.0,0.0,10.839332461159527,10.839332461159527
2349,3.2625,0.0,0.0,11.092311675716143,11.092311675716143
2350,3.263888888888889,0.0,0.0,11.26922108702621,11.26922108702621
2351,3.265277777777778,0.0,0.0,11.406518148846423,11.406518148846423
2352,3.2666666666666666,0.0,0.0,11.51553077946627,11.51553077946627
2353,3.2680555555555557,0.0,0.0,11.605970919075167,11.605970919075167
2354,3.2694444444444444,0.0,0.0,11.683730277216391,11.683730277216391
2355,3.2708333333333335,0.0,0.0,11.752281522683347,11.752281522683347
2356,3.272222222222222,0.0,0.0,11.814123316902124,11.814123316902124
2357,3.2736111111111112,0.0,0.0,11.869523847234154,11.869523847234154
2358,3.275,0.0,0.0,11.920034983065133,11.920034983065133
2359,3.276388888888889,0.0,0.0,11.962696504286091,11.962696504286091
2360,3.2777777777777777,0.0,0.0,11.996757870927988,11.996757870927988
2361,3.279166666666667,0.0,0.0,12.026215131048074,12.026215131048074
2362,3.2805555555555554,0.0,0.0,12.052624655737185,12.052624655737185
2363,3.2819444444444446,0.0,0.0,12.072448448715203,12.072448448715203
2364,3.283333333333333,0.0,0.0,12.086727702726376,12.086727702726376
2365,3.2847222222222223,0.0,0.0,12.10436221590636,12.10436221590636
2366,3.286111111111111,0.0,0.0,12.123709283945772,12.123709283945772
2367,3.2875,0.0,0.0,12.142015400943347,12.142015400943347
2368,3.2888888888888888,0.0,0.0,12.159149572273215,12.159149572273215
2369,3.290277777777778,0.0,0.0,12.184452939216685,12.184452939216685
2370,3.2916666666666665,0.0,0.0,12.207340000564924,12.207340000564924
2371,3.2930555555555556,0.0,0.0,12.223319210448576,12.223319210448576
2372,3.2944444444444443,0.0,0.0,12.236637777469117,12.236637777469117
2373,3.2958333333333334,0.0,0.0,12.249111378517473,12.249111378517473
2374,3.297222222222222,0.0,0.0,12.260937397726565,12.260937397726565
2375,3.298611111111111,0.0,0.0,12.271850510357789,12.271850510357789
2376,3.3,0.0,0.0,12.281263931380847,12.281263931380847
2377,3.301388888888889,0.0,0.0,12.289052426144458,12.289052426144458
2378,3.3027777777777776,0.0,0.0,12.295648493131523,12.295648493131523
2379,3.3041666666666667,0.0,0.0,12.303110384179359,12.303110384179359
2380,3.3055555555555554,0.0,0.0,12.312145047060845,12.312145047060845
2381,3.3069444444444445,69.70634438597102,0.7769157132720622,12.321476992059132,12.321476992059132
2382,3.3083333333333336,42.85418739292196,0.47763359072043504,15.827629998449584,5.456881842824036
2383,3.3097222222222222,14.373208353259175,0.1601973467142213,11.825536433854769,5.449789881932268
2384,3.311111111111111,4.928936166538041,0.054935716271316305,9.876032988579588,7.737620404574049
2385,3.3125,0.8243046090714751,0.009187330205758177,10.038865236247492,9.3055495515907
2386,3.313888888888889,0.8344395018059604,0.009300289183697826,10.455385028206292,10.332746901368555
2387,3.3152777777777778,1.3701409749144717,0.01527097801765074,10.916463833932566,10.792317861273053
2388,3.3166666666666664,0.0,0.0,11.198842172876576,10.994995778208933
2389,3.3180555555555555,0.0,0.0,11.278943782532588,11.278943782532588
2390,3.3194444444444446,0.0,0.0,11.441983267933722,11.441983267933722
2391,3.3208333333333333,0.0,0.0,11.558504558861989,11.558504558861989
2392,3.3222222222222224,1.16647789234529,0.013001040460958733,11.64788967505169,11.64788967505169
2393,3.323611111111111,6.26432893779142,0.06981940636460253,11.79041560421244,11.616869730344284
2394,3.325,8.524410017581653,0.09500925844514442,12.071835787962929,11.139843465741725
2395,3.326388888888889,10.723199127025238,0.11951597765909891,12.035947106337296,10.767705165860168
2396,3.327777777777778,11.472698575437416,0.12786956302768349,12.003536318323247,10.408163636702836
2397,3.3291666666666666,0.0,0.0,11.868526194197166,10.161644723947362
2398,3.3305555555555557,0.0,0.0,11.148640149639872,11.148640149639872
2399,3.3319444444444444,0.0,0.0,11.486622303181921,11.486622303181921
2400,3.3333333333333335,0.0,0.0,11.668853884261168,11.668853884261168
2401,3.334722222222222,0.0,0.0,11.78418572078436,11.78418572078436
2402,3.3361111111111112,0.0,0.0,11.864958931596224,11.864958931596224
2403,3.3375,0.0,0.0,11.928863110103222,11.928863110103222
2404,3.338888888888889,0.0,0.0,11.982198820968362,11.982198820968362
2405,3.3402777777777777,53.26706575669604,0.5936908720550008,12.022845878009857,12.022845878009857
2406,3.341666666666667,32.97411481861795,0.3675147242261251,14.727977056118515,6.80302662559473
2407,3.3430555555555554,11.2415264983032,0.12529302253086955,11.703404305640817,6.797592023403411
2408,3.3444444444444446,3.250404884131373,0.03622755792493052,10.227119533844029,8.554631308767101
2409,3.345833333333333,0.017374101830546315,0.00019364396218225668,10.327713255416853,9.84412555971887
2410,3.3472222222222223,0.0,0.0,10.687111034661445,10.68452615610983
2411,3.348611111111111,0.0,0.0,11.077160297554329,11.077160297554329
2412,3.35,0.0,0.0,11.305513450618157,11.305513450618157
2413,3.3513888888888888,0.0,0.0,11.459970411097903,11.459970411097903
2414,3.352777777777778,0.0,0.0,11.574313770780874,11.574313770780874
2415,3.3541666666666665,0.0,0.0,11.664048178665452,11.664048178665452
2416,3.3555555555555556,3.2137262247113307,0.03581875400476798,11.736869100085734,11.736869100085734
2417,3.3569444444444443,10.078426903536073,0.11232963506255737,11.958661497123652,11.480530767256857
2418,3.3583333333333334,13.010789201380502,0.14501243267976272,12.231484439913482,10.732039473430785
2419,3.359722222222222,15.572503993506608,0.17356415910374653,12.100098376950104,10.164383352700378
2420,3.361111111111111,15.363049543660576,0.17122967355966043,11.974360062397087,9.65751905614812
2421,3.3625,0.0,0.0,11.70324478903321,9.417565929767601
2422,3.363888888888889,0.0,0.0,10.7628849351703,10.7628849351703
2423,3.3652777777777776,0.0,0.0,11.219935693625327,11.219935693625327
2424,3.3666666666666667,0.0,0.0,11.457551627178086,11.457551627178086
2425,3.3680555555555554,0.0,0.0,11.602042985456034,11.602042985456034
2426,3.3694444444444445,0.0,0.0,11.699273924290129,11.699273924290129
2427,3.3708333333333336,0.0,0.0,11.773847635754775,11.773847635754775
2428,3.3722222222222222,0.0,0.0,11.833673015247767,11.833673015247767
2429,3.373611111111111,58.08451810315474,0.6473840395689809,11.883257875835143,11.883257875835143
2430,3.375,31.485733428467817,0.3509258914658451,14.839070550805829,6.197390739664781
2431,3.376388888888889,9.5393471328494,0.10632129323595792,11.32262001871948,6.638245665737096
2432,3.3777777777777778,6.984388935879618,0.07784487279726718,9.977202233607978,8.557960304407336
2433,3.3791666666666664,3.0501200991403525,0.03399527336088506,10.433785584337086,9.394664406587836
2434,3.3805555555555555,1.5960042987115737,0.017788349526020073,10.60274346365862,10.148953673486199
2435,3.3819444444444446,4.700659773042252,0.052391449768199434,10.852391886041,10.614942070202362
2436,3.3833333333333333,0.08445743945404457,0.0009413248161637476,11.234539080743776,10.535185828167926
2437,3.3847222222222224,0.0,0.0,11.03333105941285,11.020765677564722
2438,3.386111111111111,0.0,0.0,11.245984770361732,11.245984770361732
2439,3.3875,0.0,0.0,11.390732573227785,11.390732573227785
2440,3.388888888888889,0.3407254414546027,0.003797573258352033,11.496755020810843,11.496755020810843
2441,3.390277777777778,3.876837777910515,0.04320949856139077,11.613256247300267,11.562563906815816
2442,3.3916666666666666,6.801960866658881,0.07581161119435346,11.860905976522307,11.284119048602205
2443,3.3930555555555557,9.725636113588035,0.10839758683046766,11.941003040443968,10.929023087486677
2444,3.3944444444444444,10.84674829559801,0.12089300139017271,11.96511618906499,10.518158617616477
2445,3.3958333333333335,0.0,0.0,11.83822586993251,10.224471829722836
2446,3.397222222222222,0.0,0.0,11.137299379962604,11.137299379962604
2447,3.3986111111111112,0.0,0.0,11.446914139048264,11.446914139048264
2448,3.4,0.0,0.0,11.609144519417216,11.609144519417216
2449,3.401388888888889,0.0,0.0,11.709499471630707,11.709499471630707
2450,3.4027777777777777,0.0,0.0,11.777788509422658,11.777788509422658
2451,3.404166666666667,0.0,0.0,11.831055355364557,11.831055355364557
2452,3.4055555555555554,0.0,0.0,11.876633390886782,11.876633390886782
2453,3.4069444444444446,49.225656625335084,0.5486471348518283,11.916677866494759,11.916677866494759
2454,3.408333333333333,23.38602367785508,0.260650152096267,14.421350005284314,7.097671046738983
2455,3.4097222222222223,2.751864684382641,0.030671052010089652,11.275914486912013,7.796596154256166
2456,3.411111111111111,0.013995804252384529,0.00015599096953570674,10.16035318701457,9.750937145311541
2457,3.4125,0.0,0.0,10.668780684656735,10.666698421379046
2458,3.4138888888888888,0.0,0.0,11.094778837831276,11.094778837831276
2459,3.415277777777778,0.0,0.0,11.322928860398626,11.322928860398626
2460,3.4166666666666665,-5.133113313978784,-0.05721138336496618,11.457788759470509,11.457788759470509
2461,3.4180555555555556,-8.007148540765915,-0.08924409355594476,11.301144648370437,12.064837335205358
2462,3.4194444444444443,-6.228346897307921,-0.06941836664729312,11.434626774129697,12.625911752454861
2463,3.4208333333333334,-5.348263607997036,-0.059609352238679275,11.815445288934326,12.742084286673132
2464,3.422222222222222,0.0,0.0,11.989940283879333,12.78564253217565
2465,3.423611111111111,0.0,0.0,12.34773232964203,12.34773232964203
2466,3.425,0.0,0.0,12.22990890928705,12.22990890928705
2467,3.426388888888889,0.11968825705487461,0.0013339917394777682,12.19526711701316,12.19526711701316
2468,3.4277777777777776,0.48840530701424634,0.005443546936901214,12.202319728391121,12.184512787257773
2469,3.4291666666666667,0.0,0.0,12.21741536394465,12.144751555771471
2470,3.4305555555555554,0.0,0.0,12.175904380334366,12.175904380334366
2471,3.4319444444444445,0.0,0.0,12.185647333060514,12.185647333060514
2472,3.4333333333333336,0.0,0.0,12.1913948387991,12.1913948387991
2473,3.4347222222222222,0.0,0.0,12.195844760994532,12.195844760994532
2474,3.436111111111111,0.0,0.0,12.198637508342937,12.198637508342937
2475,3.4375,0.0,0.0,12.201443512071192,12.201443512071192
2476,3.438888888888889,0.0,0.0,12.20728964685338,12.20728964685338
2477,3.4402777777777778,18.82773501703535,0.2098455070181721,12.215956488520147,12.215956488520147
2478,3.4416666666666664,6.955914713435111,0.07752751185924625,13.171505737164917,10.370359013398074
2479,3.4430555555555555,0.0,0.0,11.869393248669976,10.834508399658095
2480,3.4444444444444446,-1.8287774991551475,-0.020382735426561382,11.566717464893037,11.566717464893037
2481,3.4458333333333333,-4.374157946103373,-0.04875240655060814,11.729014388799417,12.001095661221296
2482,3.4472222222222224,-8.176558221095247,-0.09113225802343539,11.801650513451833,12.452427581903239
2483,3.448611111111111,-9.502188969672277,-0.1059071449815496,11.815759769859245,13.032249127287871
2484,3.45,-17.186612069410813,-0.19155428522692472,12.015278801908725,13.428992425821948
2485,3.451388888888889,-23.293831045283262,-0.259622614279962,11.856176866131992,14.413161126178283
2486,3.452777777777778,-23.182867704667547,-0.25838586655375567,12.0046183695809,15.47022049630702
2487,3.4541666666666666,-28.181300322784512,-0.3140961591670668,12.540229207624174,15.989322466037526
2488,3.4555555555555557,-9.919783831684082,-0.11056147039391401,12.642071677381253,16.83482014124227
2489,3.4569444444444444,-1.704261384113088,-0.01899493454295577,14.029531213106395,15.505373631509654
2490,3.4583333333333335,0.0,0.0,14.0828275848459,14.336383638626735
2491,3.459722222222222,0.0,0.0,13.714671703592888,13.714671703592888
2492,3.4611111111111112,0.0,0.0,13.413989040048236,13.413989040048236
2493,3.4625,0.0,0.0,13.234729171677978,13.234729171677978
2494,3.463888888888889,0.0,0.0,13.11278049672611,13.11278049672611
2495,3.4652777777777777,0.0,0.0,13.023053082044886,13.023053082044886
2496,3.466666666666667,0.0,0.0,12.950925069313525,12.950925069313525
2497,3.4680555555555554,0.0,0.0,12.890897588442835,12.890897588442835
2498,3.4694444444444446,0.0,0.0,12.838954409077836,12.838954409077836
2499,3.470833333333333,0.0,0.0,12.792847953168138,12.792847953168138
2500,3.4722222222222223,0.0,0.0,12.75339094700956,12.75339094700956
2501,3.473611111111111,2.183828077311724,0.024339970246519755,12.719103119206919,12.719103119206919
2502,3.475,0.445452666377618,0.00496481603039508,12.802224183066492,12.477319309564878
2503,3.4763888888888888,0.0,0.0,12.616441670504145,12.550168256528014
2504,3.477777777777778,0.0,0.0,12.602207194636108,12.602207194636108
2505,3.4791666666666665,0.0,0.0,12.614892663094524,12.614892663094524
2506,3.4805555555555556,0.0,0.0,12.617150381157346,12.617150381157346
2507,3.4819444444444443,0.0,0.0,12.609260410840237,12.609260410840237
2508,3.4833333333333334,0.0,0.0,12.595693146462203,12.595693146462203
2509,3.484722222222222,0.0,0.0,12.588699522348566,12.588699522348566
2510,3.486111111111111,0.0,0.0,12.585427715722574,12.585427715722574
2511,3.4875,0.0,0.0,12.582777611615256,12.582777611615256
2512,3.488888888888889,0.4493135778955172,0.005007848021991138,12.580366553975535,12.580366553975535
2513,3.4902777777777776,0.0,0.0,12.61319103109802,12.546343199665976
2514,3.4916666666666667,0.0,0.0,12.581705211356159,12.581705211356159
2515,3.4930555555555554,0.0,0.0,12.59158047445891,12.59158047445891
2516,3.4944444444444445,0.0,0.0,12.595860305367303,12.595860305367303
2517,3.4958333333333336,0.0,0.0,12.597607094242335,12.597607094242335
2518,3.4972222222222222,0.0,0.0,12.59781082915371,12.59781082915371
2519,3.498611111111111,0.0,0.0,12.597069274985385,12.597069274985385
2520,3.5,0.0,0.0,12.595044052570174,12.595044052570174
2521,3.501388888888889,0.0,0.0,12.591961597992674,12.591961597992674
2522,3.5027777777777778,0.0,0.0,12.589161783853612,12.589161783853612
2523,3.5041666666666664,0.0,0.0,12.586845221062303,12.586845221062303
2524,3.5055555555555555,0.0,0.0,12.586143098894194,12.586143098894194
2525,3.5069444444444446,0.0,0.0,12.585965360307021,12.585965360307021
2526,3.5083333333333333,0.0,0.0,12.585959928224716,12.585959928224716
2527,3.509722222222222,0.0,0.0,12.586086382225298,12.586086382225298
2528,3.511111111111111,0.0,0.0,12.58624867617864,12.58624867617864
2529,3.5125,0.0,0.0,12.58637293420095,12.58637293420095
2530,3.513888888888889,0.0,0.0,12.586518956528508,12.586518956528508
2531,3.5152777777777775,0.0,0.0,12.584425726243747,12.584425726243747
2532,3.5166666666666666,0.0,0.0,12.580901523109276,12.580901523109276
2533,3.5180555555555557,0.0,0.0,12.580223324547749,12.580223324547749
2534,3.5194444444444444,0.0,0.0,12.580930324129678,12.580930324129678
2535,3.5208333333333335,0.0,0.0,12.582270894261319,12.582270894261319
2536,3.522222222222222,0.0,0.0,12.584499243884123,12.584499243884123
2537,3.5236111111111112,0.0,0.0,12.592257110199842,12.592257110199842
2538,3.525,0.0,0.0,12.599526402110694,12.599526402110694
2539,3.526388888888889,0.0,0.0,12.605998803803018,12.605998803803018
2540,3.5277777777777777,0.0,0.0,12.612352282316932,12.612352282316932
2541,3.529166666666667,0.0,0.0,12.61843429345452,12.61843429345452
2542,3.5305555555555554,0.0,0.0,12.621847026761907,12.621847026761907
2543,3.5319444444444446,0.0,0.0,12.620709349810326,12.620709349810326
2544,3.533333333333333,0.0,0.0,12.616072762683249,12.616072762683249
2545,3.5347222222222223,0.0,0.0,12.609143486194293,12.609143486194293
2546,3.536111111111111,0.0,0.0,12.601920293418507,12.601920293418507
2547,3.5375,0.0,0.0,12.593590659452454,12.593590659452454
2548,3.5388888888888888,0.0,0.0,12.589655525161916,12.589655525161916
2549,3.540277777777778,24.170271329928347,0.26939102538921605,12.589318651554635,12.589318651554635
2550,3.5416666666666665,8.566397430338807,0.09547723135375154,13.80224151080047,10.206244632412
2551,3.5430555555555556,0.0,0.0,12.095961599999965,10.821472869689767
2552,3.5444444444444443,-1.6322622699731217,-0.01819246464427225,11.723299508186084,11.723299508186084
2553,3.5458333333333334,-3.8413645014676217,-0.042814129300350105,11.950946711794304,12.193790904456167
2554,3.5472222222222225,-6.37827446439938,-0.07108939220102233,12.058220777483326,12.629730073654343
2555,3.548611111111111,-7.047442701700245,-0.07854764184761033,12.136086296615233,13.085031169860603
2556,3.55,-12.454999697812548,-0.13881785164991134,12.326901590506546,13.375403761210594
2557,3.551388888888889,-14.635302283651063,-0.1631185283465158,12.22882295844052,14.081848910127098
2558,3.552777777777778,-22.32904291580771,-0.2488695176376029,12.449551819057401,14.626958129805542
2559,3.5541666666666667,-26.398263437318285,-0.29422322814672786,12.363572509829485,15.685635697561386
2560,3.5555555555555554,-9.362425983400577,-0.10434940929586982,12.663337841961932,16.590810215759006
2561,3.5569444444444445,-5.171230492052884,-0.05763622037015157,14.00726620318547,15.400186214338335
2562,3.5583333333333336,-1.6356504635797082,-0.01823022793362206,13.906980778165044,14.676344450298243
2563,3.5597222222222222,0.0,0.0,13.811026001123984,14.054374281367917
2564,3.561111111111111,0.0,0.0,13.629866655230867,13.629866655230867
2565,3.5625,0.0,0.0,13.418691892582832,13.418691892582832
2566,3.563888888888889,0.0,0.0,13.284726822950336,13.284726822950336
2567,3.5652777777777778,0.0,0.0,13.190803999195039,13.190803999195039
2568,3.5666666666666664,0.0,0.0,13.11939131827839,13.11939131827839
2569,3.5680555555555555,0.0,0.0,13.062279192393504,13.062279192393504
2570,3.5694444444444446,0.0,0.0,13.014559607061887,13.014559607061887
2571,3.5708333333333333,0.0,0.0,12.972827968275958,12.972827968275958
2572,3.572222222222222,0.0,0.0,12.935135385779457,12.935135385779457
2573,3.573611111111111,6.1417449970981215,0.06845314063142773,12.899322646874797,12.899322646874797
2574,3.575,1.3156055997241458,0.014663151136356434,13.178273254165122,12.264518686169202
2575,3.576388888888889,-0.4862057825451851,-0.005419032021698116,12.681289367499497,12.485556619396647
2576,3.5777777777777775,-5.299981849103177,-0.05907122536544445,12.622424928224278,12.694761496251216
2577,3.5791666666666666,-7.852138683264576,-0.08751642306819084,12.45185327383689,13.24037227408872
2578,3.5805555555555557,-13.625620588888236,-0.1518650681202716,12.541458882720564,13.70968185416606
2579,3.5819444444444444,-13.438422892124326,-0.14977864638369448,12.473137007558988,14.500325218850492
2580,3.5833333333333335,-24.226431335496233,-0.2700169596734979,12.84254375242449,14.841881124806669
2581,3.584722222222222,-30.110876581735614,-0.3356023524517851,12.522480460492071,16.126832694182752
2582,3.5861111111111112,-35.37274125276469,-0.39424874081204414,12.800901084418541,17.280727426268
2583,3.5875,-38.99472021820582,-0.43461769712699383,13.129921984918116,18.392596341721127
2584,3.588888888888889,-15.743241593004898,-0.17546712396390451,13.551232473564902,19.352776455599944
2585,3.5902777777777777,-7.082171686167758,-0.07893471556344592,15.276577204308989,17.618820154393777
2586,3.591666666666667,-1.9465172269840336,-0.02169500973146737,15.22920653505818,16.282875603478438
2587,3.5930555555555554,0.0,0.0,14.961531514313979,15.251129830212765
2588,3.5944444444444446,0.0,0.0,14.589894556009735,14.589894556009735
2589,3.595833333333333,0.0,0.0,14.242017132601616,14.242017132601616
2590,3.5972222222222223,0.0,0.0,14.015000114292507,14.015000114292507
2591,3.598611111111111,0.0,0.0,13.85002224784237,13.85002224784237
2592,3.6,0.0,0.0,13.721089124508413,13.721089124508413
2593,3.6013888888888888,0.0,0.0,13.615753847460171,13.615753847460171
2594,3.602777777777778,0.0,0.0,13.526324282671053,13.526324282671053
2595,3.6041666666666665,0.0,0.0,13.446285183381576,13.446285183381576
2596,3.6055555555555556,0.0,0.0,13.374319888951964,13.374319888951964
2597,3.6069444444444443,1.4463939773929806,0.016120859851672865,13.308913591797417,13.308913591797417
2598,3.6083333333333334,0.0,0.0,13.327386373829928,13.112195234407976
2599,3.6097222222222225,-0.4396181204546187,-0.004899786793138193,13.15976495009194,13.15976495009194
2600,3.611111111111111,-4.859516680246912,-0.05416199774996881,13.128768276255398,13.194173640028884
2601,3.6125,-12.24662579100747,-0.13649540935489787,12.90753898971552,13.630526604298348
2602,3.613888888888889,-19.045036262623594,-0.21226744943529696,12.698111394066474,14.520135959455793
2603,3.615277777777778,-17.772769563350305,-0.1980873342844423,12.724209230334424,15.557685529145699
2604,3.6166666666666667,-30.197275518703574,-0.3365653163302053,13.263743989970628,15.9079354017149
2605,3.6180555555555554,-35.84370016408024,-0.39949783803166816,12.893726569147955,17.38640714434018
2606,3.6194444444444445,-39.95781425087808,-0.4453519121246781,13.274868920759102,18.60761145146974
2607,3.6208333333333336,-42.526912053072415,-0.4739859262741736,13.71377968540088,19.658610562639108
2608,3.6222222222222222,-17.02059058268807,-0.1897038840487839,14.186005323542975,20.513060609885216
2609,3.623611111111111,-7.61242398559857,-0.08484467034669159,15.999566881341543,18.53185084986644
2610,3.625,-2.2429841675603663,-0.02499929754957598,15.897304412894073,17.02986318790817
2611,3.626388888888889,0.0,0.0,15.56118057480036,15.894886554130206
2612,3.6277777777777778,0.0,0.0,15.146526270827419,15.146526270827419
2613,3.6291666666666664,0.0,0.0,14.751132222842308,14.751132222842308
2614,3.6305555555555555,0.0,0.0,14.489590923329036,14.489590923329036
2615,3.6319444444444446,0.0,0.0,14.293809937542251,14.293809937542251
2616,3.6333333333333333,0.0,0.0,14.13537866307727,14.13537866307727
2617,3.634722222222222,0.0,0.0,14.002676576542893,14.002676576542893
2618,3.636111111111111,0.0,0.0,13.88646282087988,13.88646282087988
2619,3.6375,0.0,0.0,13.780007343261637,13.780007343261637
2620,3.638888888888889,0.0,0.0,13.687945531262564,13.687945531262564
2621,3.6402777777777775,0.558384328276169,0.006223501784579749,13.606938945044693,13.606938945044693
2622,3.6416666666666666,0.0,0.0,13.568547094373422,13.485471969811794
2623,3.6430555555555557,0.0,0.0,13.469586680766561,13.469586680766561
2624,3.6444444444444444,0.0,0.0,13.437871034582042,13.437871034582042
2625,3.6458333333333335,0.0,0.0,13.407274458390212,13.407274458390212
2626,3.647222222222222,0.0,0.0,13.378745015845052,13.378745015845052
2627,3.6486111111111112,0.0,0.0,13.351226217830233,13.351226217830233
2628,3.65,-4.731612371598265,-0.05273643357701338,13.325371983078188,13.325371983078188
2629,3.651388888888889,-10.320437725662954,-0.11502697935952935,13.065092024797629,13.769050333157342
2630,3.6527777777777777,-11.997593560923349,-0.13371980758768662,12.945394589773603,14.480845364756549
2631,3.654166666666667,-7.53618962945037,-0.0839949963363208,13.163131349255508,14.948105477362736
2632,3.6555555555555554,0.0,0.0,13.632811123051201,14.754027927468739
2633,3.6569444444444446,0.0,0.0,14.004805704972666,14.004805704972666
2634,3.658333333333333,0.0,0.0,13.739515643339306,13.739515643339306
2635,3.6597222222222223,0.0,0.0,13.60347225381813,13.60347225381813
2636,3.661111111111111,0.37402580329648316,0.004168724185868025,13.52307698596358,13.52307698596358
2637,3.6625,0.0,0.0,13.488611269004803,13.43296457796309
2638,3.6638888888888888,0.0,0.0,13.411860026543513,13.411860026543513
2639,3.665277777777778,0.0,0.0,13.377793532516904,13.377793532516904
2640,3.6666666666666665,0.0,0.0,13.341985640923104,13.341985640923104
2641,3.6680555555555556,0.0,0.0,13.306255098546186,13.306255098546186
2642,3.6694444444444443,0.0,0.0,13.27037255813357,13.27037255813357
2643,3.6708333333333334,0.0,0.0,13.233351932661206,13.233351932661206
2644,3.6722222222222225,0.0,0.0,13.202467370439125,13.202467370439125
2645,3.673611111111111,22.311242434059892,0.2486711214357146,13.17825388859668,13.17825388859668
2646,3.675,11.005045667831878,0.12265731304561107,14.279613607719131,10.96019873435347
2647,3.676388888888889,0.0,0.0,12.845848481758434,11.208543325856269
2648,3.677777777777778,0.0,0.0,12.215049401414628,12.215049401414628
2649,3.6791666666666667,0.0,0.0,12.537801460616546,12.537801460616546
2650,3.6805555555555554,0.0,0.0,12.692262402623827,12.692262402623827
2651,3.6819444444444445,0.0,0.0,12.771287212008975,12.771287212008975
2652,3.6833333333333336,0.0,0.0,12.816672924384669,12.816672924384669
2653,3.6847222222222222,-0.9173534189833372,-0.010224410591461779,12.847193490029422,12.847193490029422
2654,3.686111111111111,-0.1719508255342728,-0.0019164869345029924,12.823022589505241,12.959504302350492
2655,3.6875,-0.9724115650903702,-0.010838064043396232,12.912856086026084,12.938438530816098
2656,3.688888888888889,0.0,0.0,12.87989037728117,13.024563513335046
2657,3.6902777777777778,0.0,0.0,12.97000622542442,12.97000622542442
2658,3.6916666666666664,0.0,0.0,12.962036986949668,12.962036986949668
2659,3.6930555555555555,0.0019304557589495904,2.151599579802852e-05,12.970361298268458,12.970361298268458
2660,3.6944444444444446,0.0,0.0,12.985328849696186,12.985041640968229
2661,3.6958333333333333,0.0,0.0,12.993720716425878,12.993720716425878
2662,3.697222222222222,0.0,0.0,12.994117884177173,12.994117884177173
2663,3.698611111111111,0.0,0.0,12.989163706193239,12.989163706193239
2664,3.7,0.0,0.0,12.979088501956374,12.979088501956374
2665,3.701388888888889,0.0,0.0,12.965627388738557,12.965627388738557
2666,3.7027777777777775,0.0,0.0,12.950507922525441,12.950507922525441
2667,3.7041666666666666,0.0,0.0,12.934417510323241,12.934417510323241
2668,3.7055555555555557,0.0,0.0,12.924700271921347,12.924700271921347
2669,3.7069444444444444,15.859176673710621,0.17675928447975375,12.919514559293518,12.919514559293518
2670,3.7083333333333335,9.045150458558306,0.10081319831166262,13.711799368093772,11.352307865743157
2671,3.709722222222222,5.079994329675846,0.05661934294251203,12.761595063994635,11.415878569151044
2672,3.7111111111111112,3.4835074170245353,0.03882561441754245,12.466894103360424,11.711104335740979
2673,3.7125,2.122053493025337,0.023651458380982846,12.447715503718928,11.92944735412011
2674,3.713888888888889,0.5477668216019462,0.006105163807690592,12.451161406213153,12.13544721200617
2675,3.7152777777777777,1.0878118201680942,0.01212426363218907,12.44891843134682,12.367422954788957
2676,3.716666666666667,2.5747453684990163,0.028696959395620537,12.57317456476638,12.411332446562481
2677,3.7180555555555554,2.0337351420533936,0.022667101573223044,12.682076969055148,12.299012328142195
2678,3.7194444444444446,0.6312590331765161,0.007035730625955325,12.621011166305221,12.318436771402283
2679,3.720833333333333,0.7721823035798361,0.008606398319211407,12.554103748315017,12.460186494273003
2680,3.7222222222222223,4.593036864480813,0.05119193300245935,12.616112163748616,12.501228672565725
2681,3.723611111111111,0.0,0.0,12.833933168217914,12.15059180222568
2682,3.725,0.0,0.0,12.475084823098214,12.475084823098214
2683,3.7263888888888888,0.0,0.0,12.582730783695698,12.582730783695698
2684,3.727777777777778,0.0,0.0,12.645780831516726,12.645780831516726
2685,3.7291666666666665,0.0,0.0,12.685215231169483,12.685215231169483
2686,3.7305555555555556,0.0,0.0,12.709981706196565,12.709981706196565
2687,3.7319444444444443,0.0,0.0,12.72751741199528,12.72751741199528
2688,3.7333333333333334,0.0,0.0,12.739660348738154,12.739660348738154
2689,3.7347222222222225,0.0,0.0,12.747295564472722,12.747295564472722
2690,3.736111111111111,0.0,0.0,12.752782420069812,12.752782420069812
2691,3.7375,0.0,0.0,12.758223655481084,12.758223655481084
2692,3.738888888888889,0.0,0.0,12.764427864783361,12.764427864783361
2693,3.740277777777778,0.0,0.0,12.769991289574824,12.769991289574824
2694,3.7416666666666667,0.0,0.0,12.77572069117417,12.77572069117417
2695,3.7430555555555554,0.0,0.0,12.780896486479076,12.780896486479076
2696,3.7444444444444445,0.0,0.0,12.784304646377809,12.784304646377809
2697,3.7458333333333336,0.0,0.0,12.78726129189524,12.78726129189524
2698,3.7472222222222222,0.0,0.0,12.789861391796398,12.789861391796398
2699,3.748611111111111,0.0,0.0,12.78946483680743,12.78946483680743
2700,3.75,0.0,0.0,12.786731822119034,12.786731822119034
2701,3.751388888888889,0.0,0.0,12.786997153199195,12.786997153199195
2702,3.7527777777777778,0.0,0.0,12.78883397890949,12.78883397890949
2703,3.7541666666666664,0.0,0.0,12.790493443915686,12.790493443915686
2704,3.7555555555555555,0.0,0.0,12.792001822375553,12.792001822375553
2705,3.7569444444444446,0.0,0.0,12.799018162713063,12.799018162713063
2706,3.7583333333333333,0.0,0.0,12.804691969245818,12.804691969245818
2707,3.759722222222222,0.0,0.0,12.806647417368406,12.806647417368406
2708,3.761111111111111,0.0,0.0,12.807699722965188,12.807699722965188
2709,3.7625,0.0,0.0,12.808643023229868,12.808643023229868
2710,3.763888888888889,0.0,0.0,12.809519158712309,12.809519158712309
2711,3.7652777777777775,0.0,0.0,12.810175546413916,12.810175546413916
2712,3.7666666666666666,0.0,0.0,12.810773073530253,12.810773073530253
2713,3.7680555555555557,0.0,0.0,12.81108520102326,12.81108520102326
2714,3.7694444444444444,0.0,0.0,12.811470773089496,12.811470773089496
2715,3.7708333333333335,0.0,0.0,12.811667743696276,12.811667743696276
2716,3.772222222222222,0.0,0.0,12.8120099187383,12.8120099187383
2717,3.7736111111111112,25.84783738445554,0.2880884257377028,12.812407504134457,12.812407504134457
2718,3.775,9.772449665742565,0.10891934972856987,14.109069151073168,10.263487888089866
2719,3.776388888888889,0.0,0.0,12.314389886064566,10.86046750296309
2720,3.7777777777777777,-0.9969759687381236,-0.011111847891182376,11.861125271412936,11.861125271412936
2721,3.779166666666667,-2.311595088093746,-0.025764004158909688,12.151119750361937,12.299447521385815
2722,3.7805555555555554,-1.6525914316126415,-0.018419044380371126,12.293388837393465,12.637302590260214
2723,3.7819444444444446,-0.5310993478324583,-0.005919395605583133,12.488895398874188,12.734764117028467
2724,3.783333333333333,-7.37863862674409,-0.08223900338155452,12.618583267449125,12.697598995938481
2725,3.7847222222222223,-9.830843749511184,-0.10957018404848144,12.28828463852143,13.386061370372747
2726,3.786111111111111,-12.167003241252683,-0.13560797205517727,12.446376759017843,13.908986878391783
2727,3.7875,-13.518045441879112,-0.15066608368341505,12.59539046358677,14.405568970797463
2728,3.7888888888888888,-3.7761417745408283,-0.04208718598036621,12.79375295955624,14.804936390117046
2729,3.790277777777778,-2.878270468795364,-0.03207991430266585,13.5208177121993,14.082623322415483
2730,3.7916666666666665,-0.28122006934669247,-0.003134353016034451,13.36695487103039,13.795177271998222
2731,3.7930555555555556,0.0,0.0,13.387236336370387,13.429075605682135
2732,3.7944444444444443,0.0,0.0,13.256705003866095,13.256705003866095
2733,3.7958333333333334,0.0,0.0,13.163689210711748,13.163689210711748
2734,3.7972222222222225,0.0,0.0,13.10167662607091,13.10167662607091
2735,3.798611111111111,0.0,0.0,13.057946608261222,13.057946608261222
2736,3.8,0.0,0.0,13.02589178453431,13.02589178453431
2737,3.801388888888889,0.0,0.0,13.001334878438037,13.001334878438037
2738,3.802777777777778,0.0,0.0,12.980173157360806,12.980173157360806
2739,3.8041666666666667,0.0,0.0,12.960159639016803,12.960159639016803
2740,3.8055555555555554,0.0,0.0,12.942885912110517,12.942885912110517
2741,3.8069444444444445,10.267611567913134,0.11443820265076418,12.926187077043721,12.926187077043721
2742,3.8083333333333336,2.751864684382641,0.030671052010089652,13.427786948760572,11.900195526938067
2743,3.8097222222222222,-0.013552774426346625,-0.00015105315739925065,12.64922755856134,12.23981151685831
2744,3.811111111111111,-3.501698092407309,-0.03902835954303138,12.561302303666565,12.563318653994843
2745,3.8125,-4.193736636552633,-0.04674151139273061,12.49852605924855,13.019500575317123
2746,3.813888888888889,-5.998796780461674,-0.06685990379384331,12.652282647983915,13.276217052690134
2747,3.8152777777777778,-6.997466846003092,-0.07799063332970059,12.694353506366562,13.586840570420176
2748,3.8166666666666664,-12.6320328137567,-0.14079098351843905,12.79887403100546,13.839940909873986
2749,3.8180555555555555,-15.796605642308636,-0.17606189577116405,12.656610606793656,14.535975134643351
2750,3.8194444444444446,-16.57504312342192,-0.1847380114992835,12.811778869979044,15.161961199481421
2751,3.8208333333333333,-22.696661922122363,-0.25296683453205754,13.095493946372065,15.561490397854854
2752,3.822222222222222,-4.498674061145433,-0.05014020743421376,13.036791209731419,16.413547900117834
2753,3.823611111111111,-2.3954528798567662,-0.026698645570317554,14.365928897032514,15.035231184124966
2754,3.825,-0.009317532418113304,-0.00010384904571198482,14.058167354962647,14.41455727548561
2755,3.826388888888889,0.0,0.0,13.908627830896577,13.910014071747268
2756,3.8277777777777775,0.0,0.0,13.673120943153302,13.673120943153302
2757,3.8291666666666666,0.0,0.0,13.53204240160936,13.53204240160936
2758,3.8305555555555557,0.0,0.0,13.434032502481198,13.434032502481198
2759,3.8319444444444444,0.0,0.0,13.360433257392927,13.360433257392927
2760,3.8333333333333335,0.0,0.0,13.302088661655578,13.302088661655578
2761,3.834722222222222,0.0,0.0,13.25406980378545,13.25406980378545
2762,3.8361111111111112,0.0,0.0,13.212639290193064,13.212639290193064
2763,3.8375,0.0,0.0,13.17511995624066,13.17511995624066
2764,3.838888888888889,0.0,0.0,13.14150325374403,13.14150325374403
2765,3.8402777777777777,7.461694122279904,0.08316470275832973,13.110387066139634,13.110387066139634
2766,3.841666666666667,1.6003478241692104,0.01783676051656564,13.45908932299573,12.348955787259056
2767,3.8430555555555554,0.0,0.0,12.86249909682839,12.624403061351849
2768,3.8444444444444446,0.0,0.0,12.825262196878782,12.825262196878782
2769,3.845833333333333,-0.5412639286522183,-0.006032685473632572,12.891882833425813,12.891882833425813
2770,3.8472222222222223,-6.2588406397672,-0.06975823625144144,12.89418180553659,12.974709796772153
2771,3.848611111111111,-7.059301379323299,-0.07867981336033468,12.636866531266165,13.568042317243593
2772,3.85,-13.205484581671492,-0.14718242024089484,12.827434689325935,13.877701166567226
2773,3.8513888888888888,-19.803144582097357,-0.22071698542731752,12.686586459213197,14.651267810328115
2774,3.852777777777778,-22.34428978703735,-0.24903945243967704,12.702480565923793,15.648746461223064
2775,3.8541666666666665,-26.093326012725488,-0.2908245321052448,13.04689129261207,16.37122287446328
2776,3.8555555555555556,-8.534012646590138,-0.09511628504984061,13.262992835916112,17.145097327326955
2777,3.8569444444444443,-3.840517453065975,-0.04280468847801265,14.575350040797861,15.845020638134795
2778,3.8583333333333334,-1.154526971444403,-0.012867840845948664,14.445420440396198,15.016803714671697
2779,3.8597222222222225,0.0,0.0,14.24822535308991,14.419993196680009
2780,3.861111111111111,0.0,0.0,14.03142972586359,14.03142972586359
2781,3.8625,0.0,0.0,13.827614339054694,13.827614339054694
2782,3.863888888888889,0.0,0.0,13.69434052989111,13.69434052989111
2783,3.865277777777778,0.0,0.0,13.59743533495432,13.59743533495432
2784,3.8666666666666667,0.0,0.0,13.519583790105226,13.519583790105226
2785,3.8680555555555554,0.0,0.0,13.453310772918442,13.453310772918442
2786,3.8694444444444445,0.0,0.0,13.395535942943324,13.395535942943324
2787,3.8708333333333336,0.0,0.0,13.342305988856763,13.342305988856763
2788,3.8722222222222222,0.0,0.0,13.295599406856663,13.295599406856663
2789,3.873611111111111,4.538018875350749,0.05057872712221553,13.25370122782186,13.25370122782186
2790,3.875,0.7823171963143216,0.008719357297151058,13.447323351525167,12.772167434279714
2791,3.876388888888889,0.0,0.0,13.061200041097761,12.944808704093095
2792,3.8777777777777778,0.0,0.0,13.044368465662563,13.044368465662563
2793,3.8791666666666664,0.0,0.0,13.072466021575305,13.072466021575305
2794,3.8805555555555555,0.0,0.0,13.0808223652131,13.0808223652131
2795,3.8819444444444446,0.0,0.0,13.0785894905994,13.0785894905994
2796,3.8833333333333333,0.0,0.0,13.072512558155395,13.072512558155395
2797,3.884722222222222,0.0,0.0,13.066763963139737,13.066763963139737
2798,3.886111111111111,0.0,0.0,13.061344759557592,13.061344759557592
2799,3.8875,0.0,0.0,13.056370156089448,13.056370156089448
2800,3.888888888888889,0.0,0.0,13.051716022659516,13.051716022659516
2801,3.8902777777777775,0.013030576372909736,0.0001452329716366925,13.050156616621324,13.050156616621324
2802,3.8916666666666666,0.19401080377443383,0.002162357577701866,13.04909863726351,13.047159978349798
2803,3.8930555555555557,2.244637433718636,0.025017724114157657,13.057098666349084,13.028234189189384
2804,3.8944444444444444,4.489757481377009,0.05004082722726482,13.152213383268258,12.818261434835991
2805,3.8958333333333335,0.0,0.0,13.180861515175677,12.512885816129154
2806,3.897222222222222,0.0,0.0,12.817928032879015,12.817928032879015
2807,3.8986111111111112,0.0,0.0,12.899593758972676,12.899593758972676
2808,3.9,0.0,0.0,12.932462319090515,12.932462319090515
2809,3.901388888888889,0.0,0.0,12.945156075680078,12.945156075680078
2810,3.9027777777777777,0.0,0.0,12.948129443591718,12.948129443591718
2811,3.904166666666667,0.0,0.0,12.945968574619569,12.945968574619569
2812,3.9055555555555554,0.0,0.0,12.945911434525614,12.945911434525614
2813,3.9069444444444446,24.917840322581576,0.2777230947620026,12.946485200577026,12.946485200577026
2814,3.908333333333333,14.073022482742513,0.15685160936762788,14.196606777582579,10.489388319292672
2815,3.9097222222222223,0.05646583094927551,0.000629342877092334,12.69954182705361,10.60579020024542
2816,3.911111111111111,0.0,0.0,11.853511482555406,11.845110627262658
2817,3.9125,0.0,0.0,12.249737633379299,12.249737633379299
2818,3.9138888888888888,0.0,0.0,12.448235541296471,12.448235541296471
2819,3.915277777777778,0.0,0.0,12.554084619445995,12.554084619445995
2820,3.9166666666666665,0.0,0.0,12.616590604335432,12.616590604335432
2821,3.9180555555555556,0.0,0.0,12.661427032356633,12.661427032356633
2822,3.9194444444444443,-0.04319946848397986,-0.00048148193921011134,12.694842920730748,12.694842920730748
2823,3.9208333333333334,-1.2205967467728427,-0.013604224988270009,12.718398570307139,12.724825686978521
2824,3.9222222222222225,0.0,0.0,12.682091363679627,12.863688915120076
2825,3.923611111111111,0.0,0.0,12.809346281111942,12.809346281111942
2826,3.925,0.0,0.0,12.806667467960063,12.806667467960063
2827,3.926388888888889,0.0,0.0,12.818844069606124,12.818844069606124
2828,3.927777777777778,0.011582734553697542,0.0001290959747881711,12.838878484522208,12.838878484522208
2829,3.9291666666666667,0.0,0.0,12.854137185714658,12.852413933346915
2830,3.9305555555555554,0.0,0.0,12.860137251397083,12.860137251397083
2831,3.9319444444444445,0.0,0.0,12.862951997764387,12.862951997764387
2832,3.9333333333333336,0.0,0.0,12.86264721882995,12.86264721882995
2833,3.9347222222222222,0.0,0.0,12.859320041538789,12.859320041538789
2834,3.936111111111111,0.0,0.0,12.854432173312656,12.854432173312656
2835,3.9375,0.0,0.0,12.848235365524976,12.848235365524976
2836,3.938888888888889,0.0,0.0,12.846060920200552,12.846060920200552
2837,3.9402777777777778,14.041169962719845,0.15649659543696043,12.846024660797974,12.846024660797974
2838,3.9416666666666664,7.363723492513213,0.08207276597157978,13.55097774714594,11.461965064349043
2839,3.9430555555555555,1.2128088305600802,0.013517424360111416,12.680414009865407,11.584856317072562
2840,3.9444444444444446,0.0,0.0,12.314556167746035,12.134117284406907
2841,3.9458333333333333,0.0,0.0,12.425752241898365,12.425752241898365
2842,3.947222222222222,0.0,0.0,12.553042283232763,12.553042283232763
2843,3.948611111111111,0.0,0.0,12.619846849860746,12.619846849860746
2844,3.95,0.0,0.0,12.660106850635675,12.660106850635675
2845,3.951388888888889,0.0,0.0,12.688650286725887,12.688650286725887
2846,3.9527777777777775,0.0,0.0,12.71012754823612,12.71012754823612
2847,3.9541666666666666,-0.1685626319276861,-0.0018787236451531795,12.726852914605361,12.726852914605361
2848,3.9555555555555557,0.0,0.0,12.73181273910054,12.756891096308486
2849,3.9569444444444444,0.0,0.0,12.758868971997906,12.758868971997906
2850,3.9583333333333335,0.0,0.0,12.765923289496168,12.765923289496168
2851,3.959722222222222,0.0,0.0,12.775623156358817,12.775623156358817
2852,3.9611111111111112,0.0,0.0,12.78706562659581,12.78706562659581
2853,3.9625,0.0,0.0,12.794325951643266,12.794325951643266
2854,3.963888888888889,0.0,0.0,12.798862967096936,12.798862967096936
2855,3.9652777777777777,0.0,0.0,12.802576790260487,12.802576790260487
2856,3.966666666666667,0.0,0.0,12.805877488298364,12.805877488298364
2857,3.9680555555555554,0.0,0.0,12.808561907415346,12.808561907415346
2858,3.9694444444444446,0.0,0.0,12.810359631375427,12.810359631375427
2859,3.970833333333333,0.0,0.0,12.812110314348526,12.812110314348526
2860,3.9722222222222223,0.0,0.0,12.814358043036103,12.814358043036103
2861,3.973611111111111,0.0,0.0,12.816378901336794,12.816378901336794
2862,3.975,0.0,0.0,12.818262450739216,12.818262450739216
2863,3.9763888888888888,0.0,0.0,12.820580851947403,12.820580851947403
2864,3.977777777777778,0.0,0.0,12.823478295708547,12.823478295708547
2865,3.9791666666666665,0.0,0.0,12.825264280882182,12.825264280882182
2866,3.9805555555555556,0.0,0.0,12.826586433117306,12.826586433117306
2867,3.9819444444444443,0.0,0.0,12.824770799438959,12.824770799438959
2868,3.9833333333333334,0.0,0.0,12.820311290263437,12.820311290263437
2869,3.9847222222222225,0.0,0.0,12.81929327475848,12.81929327475848
2870,3.986111111111111,0.0,0.0,12.820459169200186,12.820459169200186
2871,3.9875,0.0,0.0,12.821559369996823,12.821559369996823
2872,3.988888888888889,0.0,0.0,12.822595367540906,12.822595367540906
2873,3.990277777777778,0.0,0.0,12.82987019118636,12.82987019118636
2874,3.9916666666666667,0.0,0.0,12.836167214945222,12.836167214945222
2875,3.9930555555555554,0.0,0.0,12.83794017929168,12.83794017929168
2876,3.9944444444444445,0.0,0.0,12.838559256095133,12.838559256095133
2877,3.9958333333333336,0.0,0.0,12.839285583433185,12.839285583433185
2878,3.9972222222222222,0.0,0.0,12.840015483880169,12.840015483880169
2879,3.998611111111111,0.0,0.0,12.840522204319392,12.840522204319392
2880,4.0,0.0,0.0,12.841002260921996,12.841002260921996
2881,4.001344086021505,0.0,0.0,12.84145651869532,12.84145651869532
2882,4.002688172043011,0.0,0.0,12.841874346983326,12.841874346983326
2883,4.004032258064516,0.0,0.0,12.84196646175462,12.84196646175462
2884,4.005376344086022,0.0,0.0,12.84225825097365,12.84225825097365
2885,4.006720430107527,1.2017087099461201,0.013393707384272754,12.84263321502168,12.84263321502168
2886,4.008064516129032,0.0,0.0,12.90325310426534,12.724465671111966
2887,4.009408602150538,0.0,0.0,12.79735098541694,12.79735098541694
2888,4.010752688172043,0.0,0.0,12.816753510201805,12.816753510201805
2889,4.012096774193548,0.0,0.0,12.825637630952235,12.825637630952235
2890,4.013440860215054,-0.23463240725612594,-0.0026151077874745268,12.830574677244234,12.830574677244234
2891,4.014784946236559,-1.507746154931062,-0.016804663760666635,12.819865935606122,12.854774000664419
2892,4.016129032258065,-14.488762910166189,-0.1614852660821364,12.763896710829208,12.988215684850026
2893,4.01747311827957,-21.687827275761187,-0.24172281512815083,12.167117506216488,14.322722029040136
2894,4.018817204301075,-18.973037148483627,-0.21146497953661342,12.335834999424257,15.562499612249551
2895,4.020161290322581,-21.377807560758505,-0.23826747415264296,13.061018045578027,15.883782483270332
2896,4.021505376344086,-0.4396181204546187,-0.004899786793138193,13.213023650628902,16.393564249694858
2897,4.022849462365591,0.0,0.0,14.569604654387733,14.63501001816122
2898,4.024193548387097,0.0,0.0,14.020693732286423,14.020693732286423
2899,4.025537634408602,0.0,0.0,13.721633162847752,13.721633162847752
2900,4.026881720430108,0.0,0.0,13.54947983261077,13.54947983261077
2901,4.028225806451613,0.0,0.0,13.441010777881838,13.441010777881838
2902,4.029569892473118,0.0,0.0,13.362419486842688,13.362419486842688
2903,4.030913978494624,0.0,0.0,13.302570832932675,13.302570832932675
2904,4.032258064516129,0.0,0.0,13.25536409536907,13.25536409536907
2905,4.033602150537634,0.0,0.0,13.216824143191719,13.216824143191719
2906,4.03494623655914,0.0,0.0,13.181748540302722,13.181748540302722
2907,4.036290322580645,0.0,0.0,13.146616268437118,13.146616268437118
2908,4.037634408602151,0.0,0.0,13.114516189695848,13.114516189695848
2909,4.038978494623656,1.297748883953862,0.01446412817522467,13.086382897672676,13.086382897672676
2910,4.040322580645161,0.0,0.0,13.130212045980256,12.93713597861101
2911,4.041666666666667,0.0,0.0,13.002541566398516,13.002541566398516
2912,4.043010752688172,0.0,0.0,13.011799241125773,13.011799241125773
2913,4.044354838709677,0.0,0.0,13.010943856897995,13.010943856897995
2914,4.045698924731183,-1.8448714187864343,-0.020562111050972994,13.006878129141919,13.006878129141919
2915,4.047043010752688,-6.076725233413168,-0.067728459448889,12.908852529797064,13.183328218233774
2916,4.048387096774194,-19.138211586804726,-0.21330593989241678,12.76162043893571,13.665701517376917
2917,4.049731182795699,-26.124666803586415,-0.29117384253173056,12.304324618240061,15.151663325558241
2918,4.051075268817204,-27.687471104624503,-0.3085921597443316,12.571252286519545,16.458019588064527
2919,4.05241935483871,-32.51818813921543,-0.362433169534827,13.132997387844814,17.25227508661924
2920,4.053763440860215,-10.025664881889915,-0.11174157318609565,13.366518757589724,18.204499326499388
2921,4.05510752688172,-2.1074564232968998,-0.02348876597558347,15.018713804462012,16.510308959804934
2922,4.056451612903226,-0.042352420082333204,-0.0004720411168726583,14.929743384675813,15.243285860722889
2923,4.057795698924731,0.0,0.0,14.522229485988916,14.528530580764782
2924,4.059139784946237,0.0,0.0,14.170650723876903,14.170650723876903
2925,4.060483870967742,0.0,0.0,13.957802955346551,13.957802955346551
2926,4.061827956989247,0.0,0.0,13.812605252528776,13.812605252528776
2927,4.063172043010753,0.0,0.0,13.704759869287741,13.704759869287741
2928,4.064516129032258,0.0,0.0,13.620107833757048,13.620107833757048
2929,4.065860215053763,0.0,0.0,13.550394116353537,13.550394116353537
2930,4.067204301075269,0.0,0.0,13.488616049087204,13.488616049087204
2931,4.068548387096774,0.0,0.0,13.430873739027493,13.430873739027493
2932,4.06989247311828,0.0,0.0,13.37835623674198,13.37835623674198
2933,4.071236559139785,0.8513309896967693,0.009488554146930577,13.330537143602546,13.330537143602546
2934,4.07258064516129,0.0,0.0,13.334073919265252,13.207414870236114
2935,4.073924731182796,-0.5666753807016183,-0.006315910143756168,13.231834893231946,13.231834893231946
2936,4.075268817204301,-5.377063253653023,-0.05993034019815269,13.195491810274392,13.279800458375474
2937,4.076612903225806,-10.594881407796473,-0.11808580579686417,12.963350967757975,13.76333796050188
2938,4.077956989247312,-21.494700240185747,-0.2395703076352115,12.884847534095424,14.461129403225982
2939,4.079301075268817,-21.27277355895432,-0.23709681218279877,12.640458531571195,15.83839015221854
2940,4.080645161290323,-34.34781268677222,-0.3828253457837258,13.25217975739498,16.41709364141679
2941,4.081989247311828,-39.513960888415234,-0.4404049212198527,12.959471177046186,18.069659040273248
2942,4.083333333333333,-46.15227921212013,-0.514392645878473,13.459071528500504,19.33786693248766
2943,4.084677419354839,-49.86065711452923,-0.5557245660718431,13.816682536473262,20.683111535629603
2944,4.086021505376344,-26.00777412415917,-0.28987100904916197,14.365714460363368,21.783867318094508
2945,4.087365591397849,-14.070320999752735,-0.15682149984743451,16.22219905752101,20.091575337484603
2946,4.088709677419355,-8.632270261181153,-0.0962114204409852,16.398666269869473,18.492015976307567
2947,4.09005376344086,-2.378511911823832,-0.02650982912356848,16.078563439151303,17.362852576368244
2948,4.091397849462366,-0.6750975761123913,-0.007524335402950173,15.89151967953675,16.245389162149365
2949,4.092741935483871,0.0,0.0,15.458080609398353,15.558520060125652
2950,4.094086021505376,0.0,0.0,15.10603785915617,15.10603785915617
2951,4.095430107526882,0.0,0.0,14.814376635285774,14.814376635285774
2952,4.096774193548387,0.0,0.0,14.595445468977411,14.595445468977411
2953,4.098118279569892,0.0,0.0,14.417786395756366,14.417786395756366
2954,4.099462365591398,0.0,0.0,14.269115017674478,14.269115017674478
2955,4.100806451612903,0.0,0.0,14.138056964387442,14.138056964387442
2956,4.102150537634409,0.0,0.0,14.026832209203034,14.026832209203034
2957,4.103494623655914,0.0,0.0,13.928546170688495,13.928546170688495
2958,4.104838709677419,-0.803848933162684,-0.008959340398243051,13.845736053324616,13.845736053324616
2959,4.106182795698925,-10.275544160375683,-0.11452661577564435,13.740993568189054,13.860588347034986
2960,4.10752688172043,-26.533791181581748,-0.29573375972072036,13.243691916469748,14.772463530990278
2961,4.108870967741935,-37.14053126700128,-0.4139517370303089,12.763905967741358,16.711541844821202
2962,4.110215053763441,-42.906389737010116,-0.4782154146813526,13.03989058007189,18.565572632819535
2963,4.111559139784946,-40.00524896137029,-0.44588059817557546,13.639573911016324,20.02308700655032
2964,4.112903225806452,-53.21581583345167,-0.5931196633504952,14.5748355724661,20.526723675853297
2965,4.114247311827957,-58.33452932460246,-0.6501705527357245,14.342850804479099,22.260176390354317
2966,4.115591397849462,-63.323644410301306,-0.7057769963033237,14.939918902444955,23.618794802931298
2967,4.116935483870968,-64.97200059990571,-0.7241488365720075,15.473978420832843,24.895123285916164
2968,4.118279569892473,-39.41231508021763,-0.4392720225393583,16.1516653015004,25.81804877526041
2969,4.119623655913978,-25.934927961617557,-0.289059098328141,18.059914455165725,23.923587231690803
2970,4.120967741935484,-15.660230849643526,-0.17454192337483412,18.252919630104973,22.111458027054077
2971,4.122311827956989,-8.282439271301081,-0.09231236081561706,18.097996870138545,20.427889674462637
2972,4.123655913978495,-5.082290409879984,-0.056644934024718985,17.74818368659155,18.98042578095984
2973,4.125,0.0,0.0,17.223367307533465,17.979498680637345
2974,4.126344086021505,0.0,0.0,16.926231502041343,16.926231502041343
2975,4.127688172043011,0.0,0.0,16.350044416437818,16.350044416437818
2976,4.129032258064516,0.0,0.0,15.943934568728318,15.943934568728318
2977,4.130376344086022,0.0,0.0,15.63053121248668,15.63053121248668
2978,4.131720430107527,0.0,0.0,15.374774345045674,15.374774345045674
2979,4.133064516129032,0.0,0.0,15.15356170123638,15.15356170123638
2980,4.134408602150538,0.0,0.0,14.965775144326596,14.965775144326596
2981,4.135752688172043,0.0,0.0,14.803747315857478,14.803747315857478
2982,4.137096774193548,0.0,0.0,14.666896853868954,14.666896853868954
2983,4.138440860215054,-13.477387118600072,-0.15021292421121732,14.555481575483377,14.555481575483377
2984,4.139784946236559,-24.522051227670925,-0.27331180666926913,13.785963722612243,15.791098102188217
2985,4.141129032258065,-32.1708982945403,-0.35856243237647123,13.667938855703934,17.31627273093016
2986,4.14247311827957,-39.37250380534024,-0.438828303889498,13.93916455402968,18.725476145777247
2987,4.143817204301075,-38.62879530869446,-0.43053926187721403,14.262054690469494,20.11980443790526
2988,4.145161290322581,-52.382320206231356,-0.5838298941704412,15.013151937149761,20.760254460321324
2989,4.146505376344086,-55.916206137901234,-0.6232170049622958,14.77370504664384,22.567025087330023
2990,4.147849462365591,-50.19354713637637,-0.5594348092504622,15.46599423170322,23.785077620487634
2991,4.149193548387097,-52.68302238881592,-0.5871813861002371,16.475701046913436,23.94338050958288
2992,4.150537634408602,-25.082797269561016,-0.27956163105666315,16.66002042550737,24.4980782391022
2993,4.151881720430108,-13.300354002655917,-0.14823979234268958,18.431359329803616,22.163119699862303
2994,4.153225806451613,-7.884326522527149,-0.08787517431701407,18.28986995620556,20.268665759618415
2995,4.154569892473118,-2.404770412274879,-0.026802494616029536,17.777233681815083,18.950245485290235
2996,4.155913978494624,-0.7970725459495108,-0.008883813819543427,17.412348112256876,17.77012427363053
2997,4.157258064516129,0.0,0.0,16.892939861259546,17.011526464941337
2998,4.158602150537634,0.0,0.0,16.468611591986086,16.468611591986086
2999,4.15994623655914,0.0,0.0,16.09689338908539,16.09689338908539
3000,4.161290322580645,0.0,0.0,15.805204973661207,15.805204973661207
3001,4.162634408602151,0.0,0.0,15.562650878419898,15.562650878419898
3002,4.163978494623656,0.0,0.0,15.351966295026095,15.351966295026095
3003,4.165322580645161,0.0,0.0,15.16287065024469,15.16287065024469
3004,4.166666666666667,0.0,0.0,15.001722077411578,15.001722077411578
3005,4.168010752688172,0.0,0.0,14.864031949981403,14.864031949981403
3006,4.169354838709677,0.0,0.0,14.748020309024502,14.748020309024502
3007,4.170698924731183,-1.7635547722283544,-0.019655792106577488,14.655728308604,14.655728308604
3008,4.172043010752688,-4.986573940493911,-0.05557812110058678,14.489173462261016,14.751551048728063
3009,4.173387096774194,-8.403567192736553,-0.09366239840987284,14.327001253928618,15.068892152839043
3010,4.174731182795699,-9.448824920368535,-0.10531237317429003,14.258224487961366,15.508487713388632
3011,4.176075268817204,-6.5883424680077525,-0.07343071614071071,14.380923126246707,15.786697370742338
3012,4.17741935483871,-6.748434615918971,-0.07521503156248935,14.659978654483881,15.640176957817545
3013,4.178763440860215,-8.901631652904792,-0.09921360194429531,14.625966834729743,15.62998327631618
3014,4.18010752688172,-6.875491876165971,-0.07663115491310733,14.520354181692529,15.844718281683976
3015,4.181451612903226,-6.116536508290561,-0.0681721780987493,14.713666093942505,15.736585819856538
3016,4.182795698924731,-1.1680797458707495,-0.013018894003347912,14.734621442696334,15.644625550226854
3017,4.184139784946237,0.0,0.0,14.952688193747598,15.126472387665974
3018,4.185483870967742,0.0,0.0,14.809902787435513,14.809902787435513
3019,4.186827956989247,0.0,0.0,14.650545668123659,14.650545668123659
3020,4.188172043010753,0.0,0.0,14.544962621416706,14.544962621416706
3021,4.189516129032258,0.0,0.0,14.465218823123465,14.465218823123465
3022,4.190860215053763,0.0,0.0,14.395078156677556,14.395078156677556
3023,4.192204301075269,0.0,0.0,14.328363752806737,14.328363752806737
3024,4.193548387096774,0.0,0.0,14.26177759842843,14.26177759842843
3025,4.19489247311828,0.0,0.0,14.1968744648508,14.1968744648508
3026,4.196236559139785,0.0,0.0,14.134552087380973,14.134552087380973
3027,4.19758064516129,0.0,0.0,14.07391257689614,14.07391257689614
3028,4.198924731182796,0.0,0.0,14.022177249040801,14.022177249040801
3029,4.200268817204301,0.0,0.0,13.979564148972024,13.979564148972024
3030,4.201612903225806,0.0,0.0,13.944322721886923,13.944322721886923
3031,4.202956989247312,0.0,0.0,13.915405130253523,13.915405130253523
3032,4.204301075268817,0.0,0.0,13.889809859091494,13.889809859091494
3033,4.205645161290323,0.0,0.0,13.867129891766936,13.867129891766936
3034,4.206989247311828,0.0,0.0,13.846061388340562,13.846061388340562
3035,4.208333333333333,0.0,0.0,13.826095304942584,13.826095304942584
3036,4.209677419354839,0.0,0.0,13.807126560754831,13.807126560754831
3037,4.211021505376344,0.0,0.0,13.790705508744391,13.790705508744391
3038,4.212365591397849,0.0,0.0,13.778569551631978,13.778569551631978
3039,4.213709677419355,0.0,0.0,13.769789762090147,13.769789762090147
3040,4.21505376344086,0.0,0.0,13.763671869492295,13.763671869492295
3041,4.216397849462366,0.0,0.0,13.75908786484904,13.75908786484904
3042,4.217741935483871,0.0,0.0,13.756492099039981,13.756492099039981
3043,4.219086021505376,0.0,0.0,13.753458011419418,13.753458011419418
3044,4.220430107526882,0.0,0.0,13.746784493270646,13.746784493270646
3045,4.221774193548387,0.0,0.0,13.73708927822615,13.73708927822615
3046,4.223118279569892,0.0,0.0,13.722405485993335,13.722405485993335
3047,4.224462365591398,0.0,0.0,13.702015225023718,13.702015225023718
3048,4.225806451612903,0.0,0.0,13.676236135151152,13.676236135151152
3049,4.227150537634409,0.0,0.0,13.647606277610175,13.647606277610175
3050,4.228494623655914,0.0,0.0,13.619748865904114,13.619748865904114
3051,4.229838709677419,0.0,0.0,13.591984689109625,13.591984689109625
3052,4.231182795698925,0.0,0.0,13.571495591699088,13.571495591699088
3053,4.23252688172043,0.0,0.0,13.556620193919425,13.556620193919425
3054,4.233870967741935,0.0,0.0,13.544392028353272,13.544392028353272
3055,4.235215053763441,0.0,0.0,13.534284401493888,13.534284401493888
3056,4.236559139784946,-0.6988149313584978,-0.007788678428398861,13.525281109891605,13.525281109891605
3057,4.237903225806452,-4.226771524216853,-0.04710970346389129,13.481803173110121,13.585771236911905
3058,4.239247311827957,-12.581209909657899,-0.14022453417819183,13.323465697378431,13.952314956009825
3059,4.240591397849462,-9.435272145942191,-0.10516132001689081,13.047166843376303,14.91897005749496
3060,4.241935483870968,-22.23756168842987,-0.24784990882515792,13.606435355983141,15.010193250150495
3061,4.243279569892473,-32.21494481142593,-0.3590533551380188,13.085404116008199,16.39385693902423
3062,4.244623655913978,-39.406385741406105,-0.43920593678299613,13.171836093454324,17.96470082376879
3063,4.245967741935484,-44.400583117514834,-0.49486902528461996,13.559295567908013,19.42208619116447
3064,4.247311827956989,-22.136762928633914,-0.24672645096700097,14.072051865361612,20.67786758458815
3065,4.248655913978495,-10.922689139233732,-0.12173940404145855,15.898145579993122,19.19160179744259
3066,4.25,-3.3661703481438425,-0.037517827969038874,16.11466488287703,17.739717225572786
3067,4.251344086021505,-0.594627977955958,-0.00662745728089212,15.96361777395633,16.464428786742133
3068,4.252688172043011,0.0,0.0,15.552911398484953,15.641378769138107
3069,4.254032258064516,0.0,0.0,15.166353123277512,15.166353123277512
3070,4.255376344086022,0.0,0.0,14.879431157649668,14.879431157649668
3071,4.256720430107527,0.0,0.0,14.678419435482061,14.678419435482061
3072,4.258064516129032,0.0,0.0,14.52341555657661,14.52341555657661
3073,4.259408602150538,0.0,0.0,14.39734855035915,14.39734855035915
3074,4.260752688172043,0.0,0.0,14.29156104237737,14.29156104237737
3075,4.262096774193548,0.0,0.0,14.196482867298842,14.196482867298842
3076,4.263440860215054,0.0,0.0,14.111027344315309,14.111027344315309
3077,4.264784946236559,0.0,0.0,14.033400407065773,14.033400407065773
3078,4.266129032258064,0.0,0.0,13.967758195763937,13.967758195763937
3079,4.26747311827957,0.0,0.0,13.917640767892559,13.917640767892559
3080,4.268817204301075,-0.5006056053731784,-0.005579526001434821,13.877377861754269,13.877377861754269
3081,4.270161290322581,-2.5648625601860986,-0.02858681003780818,13.818644308779126,13.893123249029857
3082,4.271505376344086,-10.433942211483608,-0.11629204955274808,13.704654925458607,14.086249225085032
3083,4.272849462365591,-8.62803501917292,-0.09616421632929793,13.373320704680104,14.92565841366237
3084,4.274193548387097,-20.10130561947698,-0.22404015489010104,13.794093832751578,15.077752860490932
3085,4.275537634408602,-22.892330102902744,-0.25514766449200926,13.340099749054229,16.330725351575595
3086,4.276881720430108,-24.49240453361329,-0.27298137788745824,13.725553127477026,17.13142087572794
3087,4.278225806451613,-24.47546356558036,-0.27279256144070924,14.074242171419389,17.718165280302507
3088,4.279569892473118,-0.5268641058242249,-0.0058721914938958675,14.427439413552712,18.068842084525485
3089,4.280913978494624,0.0,0.0,15.881509909099107,15.959895528110875
3090,4.282258064516129,0.0,0.0,15.192381345674082,15.192381345674082
3091,4.283602150537634,0.0,0.0,14.803524955790138,14.803524955790138
3092,4.28494623655914,0.0,0.0,14.570774307387994,14.570774307387994
3093,4.286290322580645,0.0,0.0,14.416903791730682,14.416903791730682
3094,4.287634408602151,0.0,0.0,14.301014330208478,14.301014330208478
3095,4.288978494623656,0.0,0.0,14.208943825566774,14.208943825566774
3096,4.290322580645161,0.0,0.0,14.131434912853267,14.131434912853267
3097,4.291666666666667,0.0,0.0,14.06442895844777,14.06442895844777
3098,4.293010752688172,0.0,0.0,14.004856011667924,14.004856011667924
3099,4.294354838709677,0.0,0.0,13.948833961269674,13.948833961269674
3100,4.295698924731183,0.0,0.0,13.89784601492098,13.89784601492098
3101,4.297043010752688,8.557227765483796,0.09537503037371091,13.851537314581208,13.851537314581208
3102,4.298387096774194,2.8083305153319165,0.03130039488718198,14.243880944561878,12.970756455709477
3103,4.299731182795699,0.0,0.0,13.601604818629413,13.183787921633636
3104,4.301075268817204,0.0,0.0,13.465031409189052,13.465031409189052
3105,4.30241935483871,-1.5229930261607019,-0.01697459856274079,13.54851225186424,13.54851225186424
3106,4.303763440860215,-5.213582912135217,-0.05810826148702423,13.504777191301438,13.731364559441568
3107,4.30510752688172,-6.460438159359106,-0.07200515196775528,13.387564765909797,14.163229532818862
3108,4.306451612903226,-12.538857489575566,-0.13975249306131918,13.500663686709709,14.461832683820258
3109,4.307795698924731,-16.066814082433922,-0.1790735180968116,13.345707781637593,15.211209900980384
3110,4.309139784946237,-14.956333627875148,-0.16669660001241055,13.497030062470978,15.88741337664338
3111,4.310483870967742,-19.6023941109071,-0.21847951053334114,13.892371577185443,16.117540186334647
3112,4.311827956989247,-2.7291899501055514,-0.030418329571274095,13.843309862858755,16.759708568920423
3113,4.313172043010753,-0.48112349213530514,-0.005362387087673397,15.011155584108643,15.417198131465426
3114,4.314516129032258,0.0,0.0,14.701896385703932,14.773476822357766
3115,4.315860215053763,0.0,0.0,14.44077164385751,14.44077164385751
3116,4.317204301075269,0.0,0.0,14.265337856475668,14.265337856475668
3117,4.318548387096774,0.0,0.0,14.157232281172977,14.157232281172977
3118,4.31989247311828,0.0,0.0,14.076259982140247,14.076259982140247
3119,4.321236559139785,0.0,0.0,14.009423162397528,14.009423162397528
3120,4.32258064516129,0.0,0.0,13.948462681192598,13.948462681192598
3121,4.323924731182796,0.0,0.0,13.890410890466828,13.890410890466828
3122,4.325268817204301,0.0,0.0,13.834655055853773,13.834655055853773
3123,4.326612903225806,0.0,0.0,13.78010735941625,13.78010735941625
3124,4.327956989247312,0.0,0.0,13.734716700993989,13.734716700993989
3125,4.329301075268817,11.420093656006038,0.1272832521421872,13.696977886316894,13.696977886316894
3126,4.330645161290323,2.911127284495982,0.032446121663427,14.240223028343054,12.541167995930085
3127,4.331989247311828,0.0,0.0,13.356149430349655,12.923038668590156
3128,4.333333333333333,-0.7064383669733177,-0.007873645829435939,13.262432103273989,13.262432103273989
3129,4.334677419354839,-3.8854110183532478,-0.043305052061897664,13.338659523800192,13.443761784661632
3130,4.336021505376344,-5.183089169675937,-0.057768391882875914,13.256306378043288,13.834368812781204
3131,4.337365591397849,-7.039819266085425,-0.07846267444657326,13.349756405177322,14.120884383847763
3132,4.338709677419355,-12.817536413717319,-0.14285852361034126,13.397625352906891,14.444993326551284
3133,4.34005376344086,-19.65067586980096,-0.21901763740657598,13.268358195877703,15.17532151884569
3134,4.341397849462366,-22.789837246303495,-0.2540053249891774,13.251470826670246,16.1750527807764
3135,4.342741935483871,-21.049152780919602,-0.23460443508571116,13.561900912601052,16.95252001149437
3136,4.344086021505376,-2.8452355811311443,-0.03171172223150518,14.072189077429588,17.203833181034828
3137,4.345430107526882,-0.01694096803293328,-0.00018881644674906327,15.21105392773933,15.634361474781986
3138,4.346774193548387,0.0,0.0,14.84267338362441,14.845193821534757
3139,4.348118279569892,0.0,0.0,14.490767105977922,14.490767105977922
3140,4.349462365591398,0.0,0.0,14.29377160970639,14.29377160970639
3141,4.350806451612903,0.0,0.0,14.167694403893467,14.167694403893467
3142,4.352150537634409,0.0,0.0,14.071499132893017,14.071499132893017
3143,4.353494623655914,0.0,0.0,13.992108851153462,13.992108851153462
3144,4.354838709677419,0.0,0.0,13.923490512016844,13.923490512016844
3145,4.356182795698925,0.0,0.0,13.863199261719021,13.863199261719021
3146,4.35752688172043,0.0,0.0,13.808531415057768,13.808531415057768
3147,4.358870967741936,0.0,0.0,13.756909369669,13.756909369669
3148,4.360215053763441,0.0,0.0,13.713905197685238,13.713905197685238
3149,4.361559139784946,2.1592147663851167,0.024065641300094896,13.676678264504824,13.676678264504824
3150,4.362903225806452,0.0,0.0,13.755779798768321,13.434536836548162
3151,4.364247311827957,-0.43792402365132527,-0.0048809051484632856,13.544179307838098,13.544179307838098
3152,4.365591397849462,-5.256782380619197,-0.05858974342623434,13.538453394987163,13.603606714969615
3153,4.366935483870968,-4.780741178893772,-0.05328400127258566,13.312432503604049,14.094524387184496
3154,4.368279569892473,-9.085441156062117,-0.10126226039152264,13.523586986653607,14.234854564953324
3155,4.369623655913978,-9.761385780576157,-0.10879603661681028,13.393346628016207,14.74505747933491
3156,4.370967741935484,-18.72824016040774,-0.20873658188108946,13.58017658286121,15.03245290680273
3157,4.372311827956989,-25.93153976801097,-0.2890213350387912,13.29386585266002,16.08020996254782
3158,4.373655913978495,-34.87721793780139,-0.38872585974463403,13.389416851869903,17.24745116123694
3159,4.375,-40.83789754018896,-0.45516092653329193,13.503397043530299,18.69234859145568
3160,4.376344086021505,-17.655876883923067,-0.1967845008018738,13.915630875557493,19.99139850223821
3161,4.377688172043011,-8.970242573438172,-0.09997830855362902,15.781272536522858,18.40807292668574
3162,4.379032258064516,-4.823093598976104,-0.05375604238945831,15.820095681310697,17.154667554839047
3163,4.380376344086022,-0.660697753284398,-0.007363841423213469,15.55654474390564,16.274113416981223
3164,4.381720430107527,0.0,0.0,15.372482372479363,15.470779450982867
3165,4.383064516129032,0.0,0.0,15.0263817651002,15.0263817651002
3166,4.384408602150538,0.0,0.0,14.763094931799733,14.763094931799733
3167,4.385752688172043,0.0,0.0,14.577293191385502,14.577293191385502
3168,4.387096774193548,0.0,0.0,14.43483438863635,14.43483438863635
3169,4.388440860215054,0.0,0.0,14.31810790710671,14.31810790710671
3170,4.389784946236559,0.0,0.0,14.219076884317353,14.219076884317353
3171,4.391129032258064,0.0,0.0,14.129546824418142,14.129546824418142
3172,4.39247311827957,0.0,0.0,14.051433919209131,14.051433919209131
3173,4.393817204301075,0.9246883085368537,0.010306161987255659,13.980615868622417,13.980615868622417
3174,4.395161290322581,0.0,0.0,13.967492913495908,13.829919932804396
3175,4.396505376344086,-1.4755583156684886,-0.01644591251184341,13.84087456846267,13.84087456846267
3176,4.397849462365591,-3.6872016923679283,-0.041095899634933625,13.744558410922734,13.964088552913895
3177,4.399193548387097,-3.501698092407309,-0.03902835954303138,13.665325128091869,14.213898439278735
3178,4.400537634408602,-1.9067059521066407,-0.021251291081607074,13.768651020918332,14.289625536986906
3179,4.401881720430108,-1.2426200052156562,-0.013849686369043794,13.889414041359956,14.173089328169429
3180,4.403225806451613,-3.3551587189224357,-0.03739509727865198,13.884600001937448,14.069474122661347
3181,4.404569892473118,-3.5313447864649423,-0.03935878832484224,13.733276786299882,14.23244951444396
3182,4.405913978494624,-4.490203577128966,-0.05004579921083923,13.777658001974856,14.303043284386536
3183,4.407258064516129,-5.709106227098515,-0.06363114255443433,13.764246471470518,14.432288539607796
3184,4.408602150537634,-5.843786922960335,-0.06513223330608939,13.760973262396002,14.610360838182695
3185,4.40994623655914,0.0,0.0,13.83948353627535,14.708908593449296
3186,4.411290322580645,0.0,0.0,14.192876460052588,14.192876460052588
3187,4.412634408602151,0.0,0.0,14.01333700854774,14.01333700854774
3188,4.413978494623656,0.0,0.0,13.918390734655333,13.918390734655333
3189,4.415322580645161,0.0,0.0,13.85834456126915,13.85834456126915
3190,4.416666666666667,0.0,0.0,13.813003129599254,13.813003129599254
3191,4.418010752688172,0.0,0.0,13.772601434151692,13.772601434151692
3192,4.419354838709677,0.0,0.0,13.736867106912333,13.736867106912333
3193,4.420698924731183,0.0,0.0,13.7040825265966,13.7040825265966
3194,4.422043010752688,0.0,0.0,13.67310012345396,13.67310012345396
3195,4.423387096774194,0.0,0.0,13.644360328472587,13.644360328472587
3196,4.424731182795699,0.0,0.0,13.622302960759429,13.622302960759429
3197,4.426075268817204,0.0,0.0,13.603608361291442,13.603608361291442
3198,4.42741935483871,0.0,0.0,13.586228567137983,13.586228567137983
3199,4.428763440860215,0.0,0.0,13.571353275885285,13.571353275885285
3200,4.43010752688172,0.0,0.0,13.55916023171095,13.55916023171095
3201,4.431451612903226,0.0,0.0,13.547733550919775,13.547733550919775
3202,4.432795698924731,0.0,0.0,13.536977943992818,13.536977943992818
3203,4.434139784946237,0.0,0.0,13.526565836281472,13.526565836281472
3204,4.435483870967742,0.0,0.0,13.516620590810097,13.516620590810097
3205,4.436827956989247,0.0,0.0,13.5075479037014,13.5075479037014
3206,4.438172043010753,0.0,0.0,13.499558651662337,13.499558651662337
3207,4.439516129032258,0.0,0.0,13.492653154638168,13.492653154638168
3208,4.440860215053763,0.0,0.0,13.486539950884708,13.486539950884708
3209,4.442204301075269,0.0,0.0,13.482039115078674,13.482039115078674
3210,4.443548387096774,0.0,0.0,13.478624074083571,13.478624074083571
3211,4.44489247311828,0.0,0.0,13.477457284172035,13.477457284172035
3212,4.446236559139785,0.0,0.0,13.477437428343983,13.477437428343983
3213,4.44758064516129,0.0,0.0,13.47943558290709,13.47943558290709
3214,4.448924731182796,0.0,0.0,13.478569241699494,13.478569241699494
3215,4.450268817204301,0.0,0.0,13.472585611291397,13.472585611291397
3216,4.451612903225806,0.0,0.0,13.462604028706547,13.462604028706547
3217,4.452956989247312,0.0,0.0,13.449206035454937,13.449206035454937
3218,4.454301075268817,0.0,0.0,13.432561334533363,13.432561334533363
3219,4.455645161290323,0.0,0.0,13.413967886511191,13.413967886511191
3220,4.456989247311828,0.0,0.0,13.401152500434494,13.401152500434494
3221,4.458333333333333,0.0,0.0,13.392615182601393,13.392615182601393
3222,4.459677419354839,-1.4306647503812155,-0.015945548927958395,13.385989724248507,13.385989724248507
3223,4.461021505376344,-9.859643395167168,-0.10989117200795483,13.309140396916378,13.52199137844512
3224,4.462365591397849,-20.396078463250024,-0.22732556106353477,12.936663108010642,14.40355797183217
3225,4.463709677419355,-32.61221051179821,-0.36348110081428425,12.75839248891081,15.7928737110722
3226,4.46505376344086,-38.658442002752096,-0.430869690659025,12.755013968044253,17.606982967356338
3227,4.466397849462366,-36.62129059679187,-0.40816451293745015,13.295373708358706,19.046886997873376
3228,4.467741935483871,-49.69378857940484,-0.5538647240713648,14.167704213817288,19.61613484461282
3229,4.469086021505376,-53.869737199522895,-0.6004079781950089,13.961161014272681,21.35448755858691
3230,4.470430107526882,-58.947792367394655,-0.6570057081080408,14.607844149146642,22.622458638361227
3231,4.471774193548387,-62.26229276303804,-0.6939476459144949,15.102506813585673,23.872622566426553
3232,4.473118279569892,-38.33317541651978,-0.42724441488144294,15.679114253144363,24.94235368314449
3233,4.474462365591398,-20.20125733087129,-0.22515417192592052,17.555963100066478,23.2590839817025
3234,4.475806451612903,-13.440964037329264,-0.14980696885070682,18.069692369704544,21.075188555896954
3235,4.477150537634409,-7.083865782971051,-0.07895359720812081,17.608723191480138,19.608438629548868
3236,4.478494623655914,-2.9129994532628776,-0.03246698801850143,17.26746668206107,18.32138779427236
3237,4.479838709677419,0.0,0.0,16.858135381116753,17.291524679800794
3238,4.481182795698925,0.0,0.0,16.45818701542166,16.45818701542166
3239,4.48252688172043,0.0,0.0,15.978149974644184,15.978149974644184
3240,4.483870967741936,0.0,0.0,15.636425392114393,15.636425392114393
3241,4.485215053763441,0.0,0.0,15.373749093182205,15.373749093182205
3242,4.486559139784946,0.0,0.0,15.159513328645723,15.159513328645723
3243,4.487903225806452,0.0,0.0,14.97540122202551,14.97540122202551
3244,4.489247311827957,0.0,0.0,14.81540889821066,14.81540889821066
3245,4.490591397849462,0.0,0.0,14.675426871032963,14.675426871032963
3246,4.491935483870968,0.0,0.0,14.556737158209984,14.556737158209984
3247,4.493279569892473,-1.2765019412815228,-0.014227319262541921,14.462000734529958,14.462000734529958
3248,4.494623655913978,-13.689996267413383,-0.15258257061791802,14.320040597470445,14.509955594015036
3249,4.495967741935484,-21.642933710473912,-0.2412224515442658,13.679704633879197,15.716470509230017
3250,4.497311827956989,-29.261287034884003,-0.3261332076473195,13.726928777218351,16.94691422958123
3251,4.498655913978495,-24.167137947380972,-0.26935610210987626,13.896171564228478,18.249597944874072
3252,4.5,-36.23588357404263,-0.40386893877390884,14.7798752773929,18.37540597839737
3253,4.501344086021505,-38.30691691606873,-0.4269517493889819,14.383322281362947,19.7744129496981
3254,4.502688172043011,-40.669334908261284,-0.45328220288813886,14.921226487267909,20.620440690142892
3255,4.504032258064516,-39.30135173960192,-0.43803527481315196,15.30624628920297,21.356935558675744
3256,4.505376344086022,-10.9057481712008,-0.1215505875947095,15.83063917640847,21.67780308462078
3257,4.506720430107527,-1.136738955009823,-0.012669583576862146,17.5419936333237,19.16452553810911
3258,4.508064516129032,0.0,0.0,17.19113337134842,17.360254755132654
3259,4.509408602150538,0.0,0.0,16.452618400327466,16.452618400327466
3260,4.510752688172043,0.0,0.0,15.94734862463103,15.94734862463103
3261,4.512096774193548,0.0,0.0,15.619751954090043,15.619751954090043
3262,4.513440860215054,0.0,0.0,15.37807691368935,15.37807691368935
3263,4.514784946236559,0.0,0.0,15.183591847738187,15.183591847738187
3264,4.516129032258064,0.0,0.0,15.020834922325776,15.020834922325776
3265,4.51747311827957,0.0,0.0,14.88300395679299,14.88300395679299
3266,4.518817204301075,0.0,0.0,14.763583212869683,14.763583212869683
3267,4.520161290322581,0.0,0.0,14.655526038278177,14.655526038278177
3268,4.521505376344086,0.0,0.0,14.558767494160339,14.558767494160339
3269,4.522849462365591,0.8918705606347107,0.009940390058689174,14.471815153487446,14.471815153487446
3270,4.524193548387097,0.0,0.0,14.444607411820032,14.311916979503792
3271,4.525537634408602,0.0,0.0,14.310715804525188,14.310715804525188
3272,4.526881720430108,0.0,0.0,14.277826647522623,14.277826647522623
3273,4.528225806451613,0.0,0.0,14.241507762131704,14.241507762131704
3274,4.529569892473118,-0.07199911413996644,-0.000802469898683519,14.205734373716702,14.205734373716702
3275,4.530913978494624,0.0,0.0,14.167770406346943,14.178482267465915
3276,4.532258064516129,-0.7454025934490642,-0.008307923656958784,14.142026384500863,14.142026384500863
3277,4.533602150537634,-1.4882640416931887,-0.016587524846905212,14.074628171164278,14.185527439219515
3278,4.53494623655914,-1.8618123868193674,-0.020750927497722057,14.040944829613256,14.262365300037176
3279,4.536290322580645,-2.324300814118446,-0.025905616493971485,14.047388017315454,14.324384143662508
3280,4.53763440860215,0.0,0.0,14.050772994646843,14.396577075946352
3281,4.538978494623656,0.0,0.0,14.199482477301729,14.199482477301729
3282,4.540322580645161,0.0,0.0,14.130338728056381,14.130338728056381
3283,4.541666666666667,2.2417417500802115,0.024985450120460613,14.092292137988895,14.092292137988895
3284,4.543010752688172,4.238798232713563,0.04724374777352112,14.17777914414827,13.84425800880794
3285,4.544354838709677,0.0,0.0,14.169249782555731,13.538611218143648
3286,4.545698924731183,0.0,0.0,13.805837375246872,13.805837375246872
3287,4.547043010752688,0.0,0.0,13.861447918371024,13.861447918371024
3288,4.548387096774194,0.0,0.0,13.867850186869862,13.867850186869862
3289,4.549731182795699,0.0,0.0,13.854209658200897,13.854209658200897
3290,4.551075268817204,0.0,0.0,13.829798698400532,13.829798698400532
3291,4.55241935483871,0.0,0.0,13.800563623990966,13.800563623990966
3292,4.553763440860215,0.0,0.0,13.775487096021836,13.775487096021836
3293,4.55510752688172,34.46732234816546,0.38415734697590015,13.756319759715916,13.756319759715916
3294,4.556451612903226,19.78572368741409,0.2205228199329438,15.469151995336329,10.341183762024006
3295,4.557795698924731,2.369151830170885,0.0264055058431305,13.401411059043866,10.45773700402825
3296,4.559139784946236,0.008204436975535759,9.14429821416212e-05,12.307018584539483,11.954541673153974
3297,4.560483870967742,0.0,0.0,12.648659001271023,12.647438364177205
3298,4.561827956989247,0.0,0.0,12.952084009610244,12.952084009610244
3299,4.563172043010753,0.0,0.0,13.108967334247684,13.108967334247684
3300,4.564516129032258,0.0,0.0,13.199316484840145,13.199316484840145
3301,4.565860215053764,0.0,0.0,13.259785510263644,13.259785510263644
3302,4.567204301075269,0.0,0.0,13.304508817094165,13.304508817094165
3303,4.568548387096774,-0.005929338811526648,-6.608575636217216e-05,13.340712390457588,13.340712390457588
3304,4.56989247311828,-0.27190253692857913,-0.0030305039703224655,13.370851890035562,13.371734043304183
3305,4.571236559139785,-0.049975855697153175,-0.0005570085179097367,13.382992722374306,13.423445750835363
3306,4.57258064516129,0.0,0.0,13.426062769821916,13.433498061657438
3307,4.573924731182796,0.0,0.0,13.453834180490407,13.453834180490407
3308,4.575268817204301,0.3561690875261994,0.003969701224736262,13.479718624145947,13.479718624145947
3309,4.576612903225806,0.0,0.0,13.511131915207976,13.458141904899867
3310,4.577956989247312,0.0,0.0,13.480286117646914,13.480286117646914
3311,4.579301075268817,0.0,0.0,13.480131150571482,13.480131150571482
3312,4.580645161290323,0.0,0.0,13.471951900141816,13.471951900141816
3313,4.581989247311828,0.0,0.0,13.460592588553789,13.460592588553789
3314,4.583333333333333,0.0,0.0,13.447558513700637,13.447558513700637
3315,4.584677419354839,0.0,0.0,13.43426089260327,13.43426089260327
3316,4.586021505376344,0.0,0.0,13.427995123796922,13.427995123796922
3317,4.58736559139785,16.115927289650916,0.17962091192089155,13.426091837207581,13.426091837207581
3318,4.588709677419355,7.434667741654609,0.08286347881715732,14.233100067936377,11.83540980476745
3319,4.59005376344086,0.0,0.0,13.179794968136743,12.07368235459147
3320,4.591397849462366,0.0,0.0,12.77684439425183,12.77684439425183
3321,4.592741935483871,-0.8411190628351373,-0.009374736581090991,13.008244975091584,13.008244975091584
3322,4.594086021505376,-0.6505331724646379,-0.00725055155516403,13.079733105965532,13.204872848214224
3323,4.595430107526882,-0.4565590884875519,-0.005088603239887256,13.181747187886732,13.278532003644028
3324,4.596774193548387,-5.616777951319029,-0.06260209291965194,13.239344952118401,13.307270753802232
3325,4.598118279569892,-10.767679281732393,-0.12001173355370463,13.007091904009442,13.842743093184747
3326,4.599462365591398,-13.22411964650772,-0.14739011833231883,12.96696382654109,14.568954162357178
3327,4.600806451612903,-16.644501092356947,-0.18551215893095468,13.172823118662652,15.14027695147895
3328,4.602150537634409,-0.38540702274923216,-0.00429557416354119,13.302376303576,15.77870655049121
3329,4.603494623655914,0.0,0.0,14.451616418556723,14.5089563810171
3330,4.604838709677419,0.0,0.0,14.078214320344642,14.078214320344642
3331,4.606182795698925,0.0,0.0,13.878943164726667,13.878943164726667
3332,4.60752688172043,0.0,0.0,13.772137423094234,13.772137423094234
3333,4.608870967741936,0.0,0.0,13.705446171624159,13.705446171624159
3334,4.610215053763441,0.0,0.0,13.655922082238149,13.655922082238149
3335,4.611559139784946,0.0,0.0,13.61792798564143,13.61792798564143
3336,4.612903225806452,0.0,0.0,13.587576113465849,13.587576113465849
3337,4.614247311827957,0.0,0.0,13.562431499909021,13.562431499909021
3338,4.615591397849462,0.0,0.0,13.539546531420527,13.539546531420527
3339,4.616935483870968,0.0,0.0,13.517260274679014,13.517260274679014
3340,4.618279569892473,0.0,0.0,13.496801918107618,13.496801918107618
3341,4.619623655913978,5.051037493291603,0.056296603005541616,13.477249637942018,13.477249637942018
3342,4.620967741935484,0.9536451449210976,0.010628901924226088,13.71544216629716,12.963960529597074
3343,4.622311827956989,0.0,0.0,13.308279368772215,13.166398257161344
3344,4.623655913978495,0.0,0.0,13.297329195116289,13.297329195116289
3345,4.625,0.0,0.0,13.341445968815872,13.341445968815872
3346,4.626344086021505,0.0,0.0,13.36095692439506,13.36095692439506
3347,4.627688172043011,0.0,0.0,13.364578467089906,13.364578467089906
3348,4.629032258064516,0.0,0.0,13.360068820429678,13.360068820429678
3349,4.630376344086022,0.0,0.0,13.357965885934052,13.357965885934052
3350,4.631720430107527,-0.02710554885269325,-0.0003021063147985013,13.3576658520017,13.3576658520017
3351,4.633064516129032,-2.432723009529219,-0.027114041753165487,13.355564697230648,13.359597397887201
3352,4.634408602150538,-3.5186390604402424,-0.039217175989780445,13.234684055932425,13.596618939858148
3353,4.635752688172043,0.0,0.0,13.279945119832455,13.803440073811375
3354,4.637096774193548,0.0,0.0,13.557858059243122,13.557858059243122
3355,4.638440860215054,0.0,0.0,13.485459486988496,13.485459486988496
3356,4.639784946236559,0.0,0.0,13.4501996190852,13.4501996190852
3357,4.641129032258064,0.0,0.0,13.42909107458553,13.42909107458553
3358,4.64247311827957,0.0,0.0,13.415594924294103,13.415594924294103
3359,4.643817204301075,0.0,0.0,13.405339012894366,13.405339012894366
3360,4.645161290322581,0.0,0.0,13.397020357420427,13.397020357420427
3361,4.646505376344086,0.0,0.0,13.390015036285332,13.390015036285332
3362,4.647849462365591,0.0,0.0,13.383882282579021,13.383882282579021
3363,4.649193548387097,0.0,0.0,13.378404352097473,13.378404352097473
3364,4.650537634408602,0.0,0.0,13.373433470175279,13.373433470175279
3365,4.651881720430108,0.0,0.0,13.368361324959341,13.368361324959341
3366,4.653225806451613,0.0,0.0,13.362744491369906,13.362744491369906
3367,4.654569892473118,0.0,0.0,13.3579443801288,13.3579443801288
3368,4.655913978494624,0.0,0.0,13.3545099662019,13.3545099662019
3369,4.657258064516129,0.0,0.0,13.351175719930085,13.351175719930085
3370,4.658602150537634,0.0,0.0,13.34795461062671,13.34795461062671
3371,4.65994623655914,0.0,0.0,13.342886011987245,13.342886011987245
3372,4.661290322580645,0.0,0.0,13.336470397024103,13.336470397024103
3373,4.66263440860215,0.0,0.0,13.332501635166707,13.332501635166707
3374,4.663978494623656,0.0,0.0,13.329815071205475,13.329815071205475
3375,4.665322580645161,0.0,0.0,13.327303690381402,13.327303690381402
3376,4.666666666666667,0.0,0.0,13.324967078140293,13.324967078140293
3377,4.668010752688172,0.0,0.0,13.326704349222416,13.326704349222416
3378,4.669354838709677,0.0,0.0,13.328086464550074,13.328086464550074
3379,4.670698924731183,0.0,0.0,13.328359176527611,13.328359176527611
3380,4.672043010752688,0.0,0.0,13.329174194202604,13.329174194202604
3381,4.673387096774194,0.0,0.0,13.330576787548356,13.330576787548356
3382,4.674731182795699,0.0,0.0,13.330502594322123,13.330502594322123
3383,4.676075268817204,0.0,0.0,13.327889017315092,13.327889017315092
3384,4.67741935483871,0.0,0.0,13.323985134179294,13.323985134179294
3385,4.678763440860215,0.0,0.0,13.31846818635516,13.31846818635516
3386,4.68010752688172,0.0,0.0,13.312030630251822,13.312030630251822
3387,4.681451612903226,0.0,0.0,13.304646214716225,13.304646214716225
3388,4.682795698924731,0.0,0.0,13.301250193954516,13.301250193954516
3389,4.684139784946236,3.1167208228241137,0.03473757521591704,13.299256605565832,13.299256605565832
3390,4.685483870967742,0.018821943649758505,0.00020978095903077804,13.453624291234894,12.98992579994795
3391,4.686827956989247,0.0,0.0,13.177119725209682,13.174319440112098
3392,4.688172043010753,0.0,0.0,13.223055939218302,13.223055939218302
3393,4.689516129032258,-0.4878998793484785,-0.0054379136663730235,13.243753603879252,13.243753603879252
3394,4.690860215053764,-7.461649370105462,-0.08316420397062492,13.229650957403267,13.30223956922124
3395,4.692204301075269,-8.146911527037615,-0.09080182924162454,12.902702162953677,14.012829040565691
3396,4.693548387096774,-21.062705555345946,-0.23475548824311038,13.14785621600846,14.359934807093982
3397,4.69489247311828,-25.94255139723238,-0.28914406572917806,12.6912338492386,15.824894303172115
3398,4.696236559139785,-26.732847555968714,-0.29795235297002187,13.068535791359043,16.928208385367803
3399,4.69758064516129,-28.617530249632544,-0.3189581826708552,13.599127718442343,17.576378740968757
3400,4.698924731182796,-6.545990047925419,-0.07295867502383804,13.917142443385718,18.174792183438154
3401,4.700268817204301,-0.6488390756613447,-0.007231669910489125,15.400381102568698,16.374278311126496
3402,4.701612903225806,0.0,0.0,15.137244532964482,15.233777304930744
3403,4.702956989247312,0.0,0.0,14.68387835315849,14.68387835315849
3404,4.704301075268817,0.0,0.0,14.38965186281661,14.38965186281661
3405,4.705645161290323,0.0,0.0,14.20777854005339,14.20777854005339
3406,4.706989247311828,0.0,0.0,14.080618904413415,14.080618904413415
3407,4.708333333333333,0.0,0.0,13.984272851684768,13.984272851684768
3408,4.709677419354839,0.0,0.0,13.90622460802545,13.90622460802545
3409,4.711021505376344,0.0,0.0,13.840580943196542,13.840580943196542
3410,4.71236559139785,0.0,0.0,13.7827289146474,13.7827289146474
3411,4.713709677419355,0.0,0.0,13.7279125565013,13.7279125565013
3412,4.71505376344086,0.0,0.0,13.677972240096475,13.677972240096475
3413,4.716397849462366,1.0091457479908983,0.011247486803419407,13.633824676847377,13.633824676847377
3414,4.717741935483871,0.0,0.0,13.649454669309375,13.499316306769733
3415,4.719086021505376,0.0,0.0,13.536402525268567,13.536402525268567
3416,4.720430107526882,0.0,0.0,13.532880559546541,13.532880559546541
3417,4.721774193548387,-0.23463240725612594,-0.0026151077874745268,13.522681133627358,13.522681133627358
3418,4.723118279569892,-3.596567513391735,-0.040085731644826136,13.49905802349633,13.533966088554626
3419,4.724462365591398,-3.751577370893075,-0.041813402132580064,13.327171009524104,13.862259977890616
3420,4.725806451612903,-11.853595332643417,-0.13211486779031958,13.441561719539733,13.999712694785915
3421,4.727150537634409,-19.337267961191692,-0.2155245331417183,13.10893905690956,14.872489462778844
3422,4.728494623655914,-15.06729696849086,-0.1679333477386169,13.090555341117447,15.967509193882195
3423,4.729838709677419,-8.904172798109732,-0.09924192441130766,13.805309403907797,16.04698688136977
3424,4.731182795698925,-0.052517000902093165,-0.0005853309849220961,14.267653047202092,15.592395212880092
3425,4.73252688172043,0.0,0.0,14.607213440590868,14.615026798112941
3426,4.733870967741936,0.0,0.0,14.245958887205799,14.245958887205799
3427,4.735215053763441,0.0,0.0,14.051611850986767,14.051611850986767
3428,4.736559139784946,0.0,0.0,13.932887359618084,13.932887359618084
3429,4.737903225806452,0.0,0.0,13.851540683152251,13.851540683152251
3430,4.739247311827957,0.0,0.0,13.789777512343116,13.789777512343116
3431,4.740591397849462,0.0,0.0,13.740795683086066,13.740795683086066
3432,4.741935483870968,0.0,0.0,13.699948469661738,13.699948469661738
3433,4.743279569892473,0.0,0.0,13.66468422190517,13.66468422190517
3434,4.744623655913978,0.0,0.0,13.632620445131938,13.632620445131938
3435,4.745967741935484,0.0,0.0,13.600620596196967,13.600620596196967
3436,4.747311827956989,0.0,0.0,13.570895104305954,13.570895104305954
3437,4.748655913978495,15.275696420568107,0.17025607474979965,13.546650667883162,13.546650667883162
3438,4.75,6.06211369704145,0.06756560580475904,14.294453903570055,12.021771239244512
3439,4.751344086021505,0.0,0.0,13.23392007157278,12.332012863605094
3440,4.752688172043011,0.0,0.0,12.927681950801366,12.927681950801366
3441,4.754032258064516,0.0,0.0,13.12121928701744,13.12121928701744
3442,4.755376344086022,0.0,0.0,13.212745495653591,13.212745495653591
3443,4.756720430107527,-0.8377308692285507,-0.00933697329174118,13.257497529097028,13.257497529097028
3444,4.758064516129032,-7.474355096130164,-0.08330581630568673,13.24012317095436,13.364758825620983
3445,4.759408602150538,-13.599362088437191,-0.15157240262781055,12.955304178754824,14.067321384799598
3446,4.760752688172043,-20.40963123767637,-0.227476614220934,12.931143340764706,14.954424873295173
3447,4.762096774193548,-25.49869803476953,-0.28419707482435264,12.992024072519492,16.02852164500916
3448,4.763440860215054,-3.5880970293752683,-0.0399913234214516,13.250353673398866,17.043990794156553
3449,4.764784946236559,-0.007623435614819977,-8.496740103707849e-05,14.878394825724435,15.412223575135775
3450,4.766129032258064,0.0,0.0,14.580721941346066,14.581856138405723
3451,4.76747311827957,0.0,0.0,14.233719459779856,14.233719459779856
3452,4.768817204301075,0.0,0.0,14.05129799699651,14.05129799699651
3453,4.770161290322581,0.0,0.0,13.942034696900295,13.942034696900295
3454,4.771505376344086,0.0,0.0,13.861766540817388,13.861766540817388
3455,4.772849462365591,0.0,0.0,13.796784854627372,13.796784854627372
3456,4.774193548387097,0.0,0.0,13.74089133566332,13.74089133566332
3457,4.775537634408602,0.0,0.0,13.69193289559121,13.69193289559121
3458,4.776881720430108,0.0,0.0,13.64764739240312,13.64764739240312
3459,4.778225806451613,0.0,0.0,13.604952142308708,13.604952142308708
3460,4.779569892473118,0.0,0.0,13.568859699015334,13.568859699015334
3461,4.780913978494624,1.4816247949938104,0.016513526774986884,13.536563889650584,13.536563889650584
3462,4.782258064516129,0.0,0.0,13.58565825355774,13.365225554850568
3463,4.783602150537634,-3.1865960869947503,-0.035516373633498806,13.438936978685627,13.438936978685627
3464,4.78494623655914,-7.139770977479731,-0.07957669148239273,13.289463856203108,13.76355822713924
3465,4.786290322580645,-7.61750627600845,-0.08490131528071632,13.211721402840965,14.2739599601564
3466,4.78763440860215,-12.73621976715924,-0.14195220466594577,13.405091986416553,14.538406892803753
3467,4.788978494623656,-12.290672307893097,-0.13698633211644543,13.296572398167806,15.19143761916613
3468,4.790322580645161,-26.432145373384152,-0.29460086104022604,13.614550632742386,15.443128336698605
3469,4.791666666666667,-32.35470779769763,-0.3606110908236986,13.077576367786225,17.01008961740399
3470,4.793010752688172,-38.14258952614928,-0.425120229855516,13.449860719725493,18.263519062800317
3471,4.794354838709677,-40.02218992940323,-0.44606941462232463,13.804587484977176,19.479353440121802
3472,4.795698924731183,-12.051804658628734,-0.13432402021728362,14.366131644934333,20.320540186231877
3473,4.797043010752688,-2.5258983337103516,-0.028152532210285332,16.29664313686243,18.089682666282766
3474,4.798387096774194,-0.12621021184535294,-0.0014066825282805216,16.100485455296027,16.476282747728657
3475,4.799731182795699,0.0,0.0,15.55354803978726,15.57232530221934
3476,4.801075268817204,0.0,0.0,15.104088690875038,15.104088690875038
3477,4.80241935483871,0.0,0.0,14.820667769169713,14.820667769169713
3478,4.803763440860215,0.0,0.0,14.620312349460182,14.620312349460182
3479,4.80510752688172,0.0,0.0,14.466372173627263,14.466372173627263
3480,4.806451612903226,0.0,0.0,14.34084323383366,14.34084323383366
3481,4.807795698924731,0.0,0.0,14.233768851418153,14.233768851418153
3482,4.809139784946236,0.0,0.0,14.140750062890037,14.140750062890037
3483,4.810483870967742,0.0,0.0,14.057018061428105,14.057018061428105
3484,4.811827956989247,0.0,0.0,13.983359602316824,13.983359602316824
3485,4.813172043010753,0.021235013348445495,0.0002366759537783137,13.916714134055205,13.916714134055205
3486,4.814516129032258,0.0,0.0,13.863675621378169,13.86051632537064
3487,4.815860215053764,0.0,0.0,13.823194864702636,13.823194864702636
3488,4.817204301075269,0.0,0.0,13.792058754628464,13.792058754628464
3489,4.818548387096774,-1.0037523559512969,-0.011187374469882,13.764512880102236,13.764512880102236
3490,4.81989247311828,-3.602496852203262,-0.04015181740118831,13.689153972789848,13.838489918977864
3491,4.821236559139785,-1.9448231301807404,-0.021676128086792465,13.572486613069966,14.1084577347051
3492,4.82258064516129,-5.539696546769182,-0.06174297808694369,13.753386351178088,14.04273262328584
3493,4.823924731182796,-10.622834005050814,-0.11839735293400014,13.562932090966784,14.387115287650014
3494,4.825268817204301,-11.646915522641631,-0.129811307139981,13.441661380133494,15.022101971816122
3495,4.826612903225806,-11.513081875181456,-0.1283196572106634,13.662304980448974,15.395106043812035
3496,4.827956989247312,-0.1177397278288863,-0.0013122743049059898,13.874523647528518,15.587413251399843
3497,4.829301075268817,0.0,0.0,14.58356789950256,14.601084942979467
3498,4.830645161290323,0.0,0.0,14.25824658098982,14.25824658098982
3499,4.831989247311828,0.0,0.0,14.084038968394003,14.084038968394003
3500,4.833333333333333,0.0,0.0,13.981571984613877,13.981571984613877
3501,4.834677419354839,0.0,0.0,13.916215407737784,13.916215407737784
3502,4.836021505376344,0.0,0.0,13.865796520144249,13.865796520144249
3503,4.83736559139785,0.0,0.0,13.82186011717924,13.82186011717924
3504,4.838709677419355,0.0,0.0,13.782309298472518,13.782309298472518
3505,4.84005376344086,0.0,0.0,13.745906982192405,13.745906982192405
3506,4.841397849462366,0.0,0.0,13.711284621769519,13.711284621769519
3507,4.842741935483871,0.0,0.0,13.676122382766684,13.676122382766684
3508,4.844086021505376,0.0,0.0,13.647373535099163,13.647373535099163
3509,4.845430107526882,24.40482170464072,0.2720052188786765,13.623392007391793,13.623392007391793
3510,4.846774193548387,15.303205415133139,0.17056267768992153,14.828160687055286,11.197267948220013
3511,4.848118279569892,9.645522199591628,0.10750467300484949,13.423775264692091,11.146999875993158
3512,4.849462365591398,5.7860585235116595,0.06448881840564097,12.928899460120974,11.493861050882686
3513,4.850806451612903,0.874013844864427,0.00974136709755741,12.771343743449403,11.910507383579603
3514,4.852150537634409,0.014961032131859326,0.00016674896743472102,12.649100915459979,12.519067163877343
3515,4.853494623655914,1.6693616175516581,0.01860595736634516,12.832423665417272,12.830197797775604
3516,4.854838709677419,0.6568375719825981,0.007320817570279203,13.063909606216944,12.81554585871593
3517,4.856182795698925,0.022682855167657685,0.00025281295062683505,13.036712910878155,12.938990141190708
3518,4.85752688172043,0.0,0.0,13.063719486717208,13.06034478416371
3519,4.858870967741936,0.0,0.0,13.1256396566522,13.1256396566522
3520,4.860215053763441,0.5299101058316625,0.005906140846558828,13.169067959406064,13.169067959406064
3521,4.861559139784946,0.0,0.0,13.227760237591099,13.14892144176684
3522,4.862903225806452,0.0,0.0,13.20700215902912,13.20700215902912
3523,4.864247311827957,0.0,0.0,13.24396860825827,13.24396860825827
3524,4.865591397849462,0.0,0.0,13.277731004314028,13.277731004314028
3525,4.866935483870968,0.0,0.0,13.303255381002083,13.303255381002083
3526,4.868279569892473,0.0,0.0,13.318451594682891,13.318451594682891
3527,4.869623655913978,0.0,0.0,13.323498777500319,13.323498777500319
3528,4.870967741935484,0.0,0.0,13.320229442026523,13.320229442026523
3529,4.872311827956989,0.0,0.0,13.313220466930641,13.313220466930641
3530,4.873655913978495,0.0,0.0,13.303883826087835,13.303883826087835
3531,4.875,0.0,0.0,13.292719961010029,13.292719961010029
3532,4.876344086021505,0.0,0.0,13.28799783385535,13.28799783385535
3533,4.877688172043011,0.0,0.0,13.28750304222946,13.28750304222946
3534,4.879032258064516,0.0,0.0,13.288123003655267,13.288123003655267
3535,4.880376344086022,0.0,0.0,13.28869194387018,13.28869194387018
3536,4.881720430107527,0.0,0.0,13.288852383051873,13.288852383051873
3537,4.883064516129032,0.0,0.0,13.288792975326004,13.288792975326004
3538,4.884408602150538,0.0,0.0,13.28854820881489,13.28854820881489
3539,4.885752688172043,0.0,0.0,13.288144153780252,13.288144153780252
3540,4.887096774193548,0.0,0.0,13.287609491592388,13.287609491592388
3541,4.888440860215054,0.0,0.0,13.286960601844712,13.286960601844712
3542,4.889784946236559,0.0,0.0,13.286210364859862,13.286210364859862
3543,4.891129032258064,0.0,0.0,13.285498010844103,13.285498010844103
3544,4.89247311827957,0.0,0.0,13.28518676963688,13.28518676963688
3545,4.893817204301075,0.0,0.0,13.285011300774888,13.285011300774888
3546,4.895161290322581,0.0,0.0,13.284943811181405,13.284943811181405
3547,4.896505376344086,0.0,0.0,13.286004281598094,13.286004281598094
3548,4.897849462365591,0.0,0.0,13.287917359561973,13.287917359561973
3549,4.899193548387097,0.0,0.0,13.289634690973624,13.289634690973624
3550,4.900537634408602,0.0,0.0,13.289125618590008,13.289125618590008
3551,4.901881720430108,0.0,0.0,13.286988379368298,13.286988379368298
3552,4.903225806451613,0.0,0.0,13.284053062232992,13.284053062232992
3553,4.904569892473118,0.0,0.0,13.2795806723454,13.2795806723454
3554,4.905913978494624,0.0,0.0,13.274498134616303,13.274498134616303
3555,4.907258064516129,0.0,0.0,13.269422623546877,13.269422623546877
3556,4.908602150537634,0.0,0.0,13.26730190126305,13.26730190126305
3557,4.90994623655914,0.0,0.0,13.266096424875833,13.266096424875833
3558,4.911290322580645,0.0,0.0,13.26488981336465,13.26488981336465
3559,4.91263440860215,0.0,0.0,13.263680703235796,13.263680703235796
3560,4.913978494623656,0.0,0.0,13.262468510934745,13.262468510934745
3561,4.915322580645161,0.0,0.0,13.26125215042906,13.26125215042906
3562,4.916666666666667,0.0,0.0,13.260034996450212,13.260034996450212
3563,4.918010752688172,0.0,0.0,13.255832421370267,13.255832421370267
3564,4.919354838709677,0.0,0.0,13.248930898431624,13.248930898431624
3565,4.920698924731183,0.0,0.0,13.244260799702754,13.244260799702754
3566,4.922043010752688,0.0,0.0,13.241020200254201,13.241020200254201
3567,4.923387096774194,0.0,0.0,13.239034644544281,13.239034644544281
3568,4.924731182795699,0.0,0.0,13.237950523258043,13.237950523258043
3569,4.926075268817204,0.0,0.0,13.24296913287791,13.24296913287791
3570,4.92741935483871,0.0,0.0,13.247329989334851,13.247329989334851
3571,4.928763440860215,0.0,0.0,13.249703684890632,13.249703684890632
3572,4.93010752688172,0.0,0.0,13.250710920591253,13.250710920591253
3573,4.931451612903226,0.0,0.0,13.250150177716963,13.250150177716963
3574,4.932795698924731,0.0,0.0,13.248930667204107,13.248930667204107
3575,4.934139784946236,0.0,0.0,13.2480635275595,13.2480635275595
3576,4.935483870967742,0.0,0.0,13.247158309066773,13.247158309066773
3577,4.936827956989247,0.0,0.0,13.246019781168817,13.246019781168817
3578,4.938172043010753,0.0,0.0,13.244835412372328,13.244835412372328
3579,4.939516129032258,0.0,0.0,13.243658921609555,13.243658921609555
3580,4.940860215053764,0.0,0.0,13.242631653657758,13.242631653657758
3581,4.942204301075269,16.735603588273733,0.1865275465720587,13.241515902952711,13.241515902952711
3582,4.943548387096774,5.214161004922843,0.058114704650475024,14.079678904623181,11.589794639779985
3583,4.94489247311828,0.0,0.0,12.860509126000514,12.084758351788041
3584,4.946236559139785,0.0,0.0,12.66412641842928,12.66412641842928
3585,4.94758064516129,0.0,0.0,12.865291722647925,12.865291722647925
3586,4.948924731182796,-0.47350005652048516,-0.005277419686636318,12.9661805339801,12.9661805339801
3587,4.950268817204301,-0.28545531135492574,-0.0031815571277217162,12.996305629706303,13.06675186930048
3588,4.951612903225806,-6.095360298249394,-0.06793615754031297,13.05760633477725,13.100075713566584
3589,4.952956989247312,-12.072980868669902,-0.13456004077571995,12.793598124501319,13.700451684643907
3590,4.954301075268817,-18.85614446905639,-0.2101621460540449,12.736887570723859,14.533077647532128
3591,4.955645161290323,-22.375630577898278,-0.24938876286616282,12.771599885711945,15.57697330182286
3592,4.956989247311828,-1.4052532983318158,-0.0156623242578348,13.089933975571421,16.418928367556774
3593,4.958333333333333,-0.10672809860747966,-0.0011895436145190987,14.595835042146419,14.804905366809642
3594,4.959677419354839,-0.9461530646393236,-0.010545398550935184,14.17160253207558,14.187481290910762
3595,4.961021505376344,-0.07284616254161311,-0.0008119107210209722,13.85351168865696,13.9942781459498
3596,4.96236559139785,0.0,0.0,13.78229677818288,13.793134661197369
3597,4.963709677419355,0.0,0.0,13.680952806996673,13.680952806996673
3598,4.96505376344086,0.0,0.0,13.606778993719088,13.606778993719088
3599,4.966397849462366,0.0,0.0,13.553122546734372,13.553122546734372
3600,4.967741935483871,0.0,0.0,13.51233252295151,13.51233252295151
3601,4.969086021505376,0.0,0.0,13.479871359138924,13.479871359138924
3602,4.970430107526882,0.0,0.0,13.452176154756344,13.452176154756344
3603,4.971774193548387,0.0,0.0,13.426019472699023,13.426019472699023
3604,4.973118279569892,0.0,0.0,13.400313930862326,13.400313930862326
3605,4.974462365591398,0.0,0.0,13.374972113784633,13.374972113784633
3606,4.975806451612903,0.0,0.0,13.355860339127307,13.355860339127307
3607,4.977150537634409,-0.6556154628745179,-0.007307196489188749,13.34498612711322,13.34498612711322
3608,4.978494623655914,-6.019972990502842,-0.06709592435227965,13.30263110442636,13.400172051556762
3609,4.979838709677419,-19.510065835127612,-0.21745046089855874,13.050149565610877,13.945787177052424
3610,4.981182795698925,-27.63580115212406,-0.30801626958174694,12.586054005978653,15.488716325428934
3611,4.98252688172043,-25.936622058420852,-0.2890779799728159,12.81790966560009,16.92950002874796
3612,4.983870967741936,-38.997261363410765,-0.4346460195940062,13.598907538259871,17.45769797900001
3613,4.985215053763441,-43.01989422283078,-0.4794804848745714,13.32771114996421,19.129633197685806
3614,4.986559139784946,-48.07084384184982,-0.5357761084728044,13.914491728964483,20.3148917584978
3615,4.987903225806452,-51.83173874516102,-0.5776933596510966,14.340847971195457,21.49271656369851
3616,4.989247311827957,-29.739869381814373,-0.3314672722679806,14.832493401552046,22.543899210151974
3617,4.990591397849462,-18.851909227048154,-0.21011494194235764,16.57837772088094,21.003006472493816
3618,4.991935483870968,-13.024216223719105,-0.14516208426067984,16.75837283623914,19.563116142872467
3619,4.993279569892473,-4.181877958929581,-0.04660933988000628,16.529265627654734,18.466978293128946
3620,4.994623655913978,-1.2366906664041293,-0.013783600612681619,16.50151246360446,17.123682561773435
3621,4.995967741935484,0.0,0.0,16.054914568206193,16.23890653566147
3622,4.997311827956989,0.0,0.0,15.64753202533591,15.64753202533591
3623,4.998655913978495,0.0,0.0,15.288370221874946,15.288370221874946
3624,5.0,0.0,0.0,15.02942846299139,15.02942846299139
3625,5.001388888888889,0.0,0.0,14.828374808731725,14.828374808731725
3626,5.002777777777778,0.0,0.0,14.663679465616603,14.663679465616603
3627,5.004166666666666,0.0,0.0,14.52169885293064,14.52169885293064
3628,5.0055555555555555,0.0,0.0,14.398224989198443,14.398224989198443
3629,5.006944444444445,0.0,0.0,14.288719697416214,14.288719697416214
3630,5.008333333333334,0.0,0.0,14.196015695448944,14.196015695448944
3631,5.009722222222222,-2.9273992760908705,-0.03262748199823813,14.122356631787023,14.122356631787023
3632,5.011111111111111,-12.326248340762254,-0.13738284665461845,13.914226627131216,14.34975829803905
3633,5.0125,-26.643060425394168,-0.2969516258022518,13.503466606147997,15.337337229715942
3634,5.013888888888889,-33.74725537000474,-0.3761318027464715,13.167405312543085,17.13129801414466
3635,5.0152777777777775,-28.787786978363524,-0.32085578796068326,13.573809039923237,18.594647379228523
3636,5.016666666666667,-40.30764524075815,-0.44925097175004625,14.553844220917359,18.836824361968773
3637,5.018055555555556,-43.55353471586817,-0.48542820294716676,14.26569412308703,20.262572043173908
3638,5.019444444444445,-47.44063983102471,-0.5287521366537394,14.785454811698319,21.26524863540754
3639,5.020833333333333,-48.01663274414444,-0.5351718958432075,15.178166959511042,22.236275261749217
3640,5.022222222222222,-16.708029722480447,-0.18622022060626367,15.725544798958472,22.86934799014842
3641,5.023611111111111,-1.7889662242777542,-0.019939016776701082,17.746266687285406,20.232048576364413
3642,5.025,0.0,0.0,17.65520197075327,17.921360214085837
3643,5.026388888888889,0.0,0.0,16.774771346254763,16.774771346254763
3644,5.027777777777778,0.0,0.0,16.15928793129069,16.15928793129069
3645,5.029166666666667,0.0,0.0,15.771653651755935,15.771653651755935
3646,5.030555555555556,0.0,0.0,15.491643336666076,15.491643336666076
3647,5.031944444444444,0.0,0.0,15.266786888013655,15.266786888013655
3648,5.033333333333333,0.0,0.0,15.077901456510542,15.077901456510542
3649,5.034722222222222,0.0,0.0,14.917391481207224,14.917391481207224
3650,5.036111111111111,0.0,0.0,14.776874879179147,14.776874879179147
3651,5.0375,0.0,0.0,14.649090771271347,14.649090771271347
3652,5.038888888888889,0.0,0.0,14.539235242377027,14.539235242377027
3653,5.040277777777778,0.028474222444506456,0.00031736093802092063,14.442002860067076,14.442002860067076
3654,5.041666666666667,0.0,0.0,14.362613167535255,14.358376838797886
3655,5.043055555555555,-0.814013513982444,-0.00907263026629249,14.299447567127821,14.299447567127821
3656,5.044444444444444,-4.815470163361285,-0.05367107498842124,14.20894639307059,14.330053434662728
3657,5.045833333333333,-8.683093165279951,-0.09677786978123237,13.994600619190996,14.711035095206922
3658,5.0472222222222225,-17.199317795435512,-0.1916958975619865,13.930941116467558,15.222791567415538
3659,5.048611111111111,-15.539949976609698,-0.17320132660291576,13.716098842817658,16.274973431296708
3660,5.05,-30.7986798838727,-0.34326830018979704,14.247169397917032,16.559167093077665
3661,5.051388888888889,-35.4472815121096,-0.39507953317774,13.688950166162208,18.271106287171726
3662,5.052777777777778,-38.93288568488562,-0.4339285170963598,14.190676862970681,19.464441146579215
3663,5.054166666666666,-41.84164989614027,-0.46634830100317404,14.65506510381303,20.44740948747531
3664,5.055555555555555,-18.225940458231268,-0.2031381742349797,15.082153858455738,21.307257431324473
3665,5.0569444444444445,-7.3913443527687885,-0.0823806157166163,16.789198864279403,19.500811990125435
3666,5.058333333333334,-3.2289485070770834,-0.03598841475037146,16.821115865446764,17.92078292573084
3667,5.059722222222222,-0.3498309898800722,-0.003899059625368157,16.40672743036642,16.88712289607842
3668,5.061111111111111,0.0,0.0,16.061060257128656,16.113107299977305
3669,5.0625,0.0,0.0,15.676649678061592,15.676649678061592
3670,5.063888888888889,0.0,0.0,15.395599862950489,15.395599862950489
3671,5.065277777777778,0.0,0.0,15.185822854111972,15.185822854111972
3672,5.066666666666666,0.0,0.0,15.013800127639136,15.013800127639136
3673,5.0680555555555555,0.0,0.0,14.866088155631681,14.866088155631681
3674,5.069444444444445,0.0,0.0,14.73411096964745,14.73411096964745
3675,5.070833333333334,0.0,0.0,14.611546805649457,14.611546805649457
3676,5.072222222222222,0.0,0.0,14.505432456356722,14.505432456356722
3677,5.073611111111111,0.34217328327381485,0.0038137102552005544,14.412959589088453,14.412959589088453
3678,5.075,0.0,0.0,14.35315682567172,14.302249078641301
3679,5.076388888888889,0.0,0.0,14.264798172056333,14.264798172056333
3680,5.0777777777777775,0.0,0.0,14.22283782027332,14.22283782027332
3681,5.079166666666667,0.0,0.0,14.1844332962136,14.1844332962136
3682,5.080555555555556,0.0,0.0,14.149355062544215,14.149355062544215
3683,5.081944444444445,0.0,0.0,14.116681125727403,14.116681125727403
3684,5.083333333333333,0.0,0.0,14.086319260947388,14.086319260947388
3685,5.084722222222222,0.0,0.0,14.058404512588183,14.058404512588183
3686,5.086111111111111,-0.6547684144728714,-0.007297755666851298,14.03397001817447,14.03397001817447
3687,5.0875,-3.3864995097833623,-0.03774440770513775,13.981590128170811,14.079005053405695
3688,5.088888888888889,-4.671471935081351,-0.05206613519105419,13.8546561575305,14.358491695808718
3689,5.090277777777778,0.0,0.0,13.896119217751288,14.591129971529272
3690,5.091666666666667,0.0,0.0,14.239131562556716,14.239131562556716
3691,5.093055555555556,0.0,0.0,14.129243425371977,14.129243425371977
3692,5.094444444444444,0.0,0.0,14.071667341616827,14.071667341616827
3693,5.095833333333333,0.0,0.0,14.03288240871135,14.03288240871135
3694,5.097222222222222,0.0,0.0,13.999037164574789,13.999037164574789
3695,5.098611111111111,0.0,0.0,13.96441917875566,13.96441917875566
3696,5.1,0.0,0.0,13.928312276660959,13.928312276660959
3697,5.101388888888889,0.0,0.0,13.892937677918034,13.892937677918034
3698,5.102777777777778,0.0,0.0,13.858466039110986,13.858466039110986
3699,5.104166666666667,0.0,0.0,13.825300890545641,13.825300890545641
3700,5.105555555555555,0.0,0.0,13.80135136131437,13.80135136131437
3701,5.106944444444444,0.0,0.0,13.783973446463623,13.783973446463623
3702,5.108333333333333,0.0,0.0,13.768100564592675,13.768100564592675
3703,5.1097222222222225,0.0,0.0,13.753901513381148,13.753901513381148
3704,5.111111111111111,0.0,0.0,13.741771311870712,13.741771311870712
3705,5.1125,0.0,0.0,13.730208536772507,13.730208536772507
3706,5.113888888888889,0.0,0.0,13.719160603683804,13.719160603683804
3707,5.115277777777778,0.0,0.0,13.708575352795142,13.708575352795142
3708,5.116666666666666,0.0,0.0,13.698418680957973,13.698418680957973
3709,5.118055555555555,0.0,0.0,13.688762188145109,13.688762188145109
3710,5.1194444444444445,0.0,0.0,13.680089788973104,13.680089788973104
3711,5.120833333333334,0.0,0.0,13.672862102806612,13.672862102806612
3712,5.122222222222222,0.0,0.0,13.667581788799831,13.667581788799831
3713,5.123611111111111,0.0,0.0,13.66369198905288,13.66369198905288
3714,5.125,0.0,0.0,13.661602810750772,13.661602810750772
3715,5.126388888888889,0.0,0.0,13.662450745688604,13.662450745688604
3716,5.127777777777778,0.0,0.0,13.66348115450633,13.66348115450633
3717,5.129166666666666,0.0,0.0,13.664215058953243,13.664215058953243
3718,5.1305555555555555,0.0,0.0,13.66014954393368,13.66014954393368
3719,5.131944444444445,0.0,0.0,13.65093670995295,13.65093670995295
3720,5.133333333333334,0.0,0.0,13.63601205395185,13.63601205395185
3721,5.134722222222222,0.0,0.0,13.618066405319047,13.618066405319047
3722,5.136111111111111,0.0,0.0,13.59875766200258,13.59875766200258
3723,5.1375,0.0,0.0,13.578777818447296,13.578777818447296
3724,5.138888888888889,0.0,0.0,13.56493641820633,13.56493641820633
3725,5.1402777777777775,0.1597452140530786,0.0017804486522868597,13.555943780447532,13.555943780447532
3726,5.141666666666667,-0.7479437386540042,-0.008336246123971143,13.557050920541691,13.53328439830323
3727,5.143055555555556,-8.024936557200496,-0.0894423508250313,13.499731549711132,13.61100888345292
3728,5.144444444444445,-11.77905507329851,-0.1312840754246237,13.160690398024089,14.354621836155117
3729,5.145833333333333,-17.82698066105569,-0.19869154691403929,13.26358128635313,15.01604176541689
3730,5.147222222222222,-26.228006708587305,-0.2923256228568998,13.273763864491551,15.92602067754893
3731,5.148611111111111,-22.728849761384936,-0.25332558578088077,13.282622209901149,17.184764182699244
3732,5.15,-34.84418305013717,-0.38835766767347335,14.057120796646366,17.43866631906244
3733,5.151388888888889,-39.0142023314437,-0.4348348360407553,13.707455863622169,18.891492557622374
3734,5.152777777777778,-43.76190862267325,-0.4877506452421803,14.172903668195236,19.977346153827177
3735,5.154166666666667,-48.53163817234561,-0.540911915824379,14.542884452166353,21.053679662172836
3736,5.155555555555556,-24.786330328984683,-0.2762573432385545,14.917877462511438,22.138301966175913
3737,5.156944444444444,-10.382272258983159,-0.11571615939016341,16.73438770777918,20.42204041440681
3738,5.158333333333333,-4.398722349751126,-0.04902619039839428,17.00803570429532,18.552686077651032
3739,5.159722222222222,-2.1472676981742933,-0.023932484625443774,16.594805862695516,17.249237566116925
3740,5.161111111111111,-0.5454991706604516,-0.0060798895853198375,16.10672049560964,16.42618600074603
3741,5.1625,0.0,0.0,15.749154543351885,15.830312644065035
3742,5.163888888888889,0.0,0.0,15.428875960733048,15.428875960733048
3743,5.165277777777778,0.0,0.0,15.16289775227634,15.16289775227634
3744,5.166666666666667,0.0,0.0,14.960572318639151,14.960572318639151
3745,5.168055555555555,0.0,0.0,14.79866514759901,14.79866514759901
3746,5.169444444444444,0.0,0.0,14.663498880943063,14.663498880943063
3747,5.170833333333333,0.0,0.0,14.544057423375074,14.544057423375074
3748,5.1722222222222225,0.0,0.0,14.438057814251604,14.438057814251604
3749,5.173611111111111,0.0,0.0,14.343638311769492,14.343638311769492
3750,5.175,0.0,0.0,14.263920651374143,14.263920651374143
3751,5.176388888888889,-8.522153968967087,-0.09498411353711629,14.202509678722436,14.202509678722436
3752,5.177777777777778,-23.85034184516512,-0.26582523455566875,13.725428643262536,14.993334934062228
3753,5.179166666666666,-28.36765097114678,-0.3161731400813065,13.240153235606767,16.788551747687762
3754,5.180555555555555,-30.166781776244296,-0.33622544672605703,13.753140214705386,17.973613495580214
3755,5.1819444444444445,-18.887485259917316,-0.21051145648053068,14.27498242249711,18.763126209450714
3756,5.183333333333334,-34.372377090419974,-0.38309912963151194,15.310412642309831,18.120448868554888
3757,5.184722222222222,-44.12444533857802,-0.4917913172026102,14.436699498680078,19.55054199687714
3758,5.186111111111111,-48.74678846636387,-0.5433098846980922,14.549667413276772,21.114399994564664
3759,5.1875,-52.642364065536874,-0.5867282266280393,15.082249434891093,22.334683500016965
3760,5.188888888888889,-30.210828293129918,-0.3367163694876046,15.574878817251943,23.40688757986194
3761,5.190277777777778,-18.973884196885276,-0.21147442035895092,17.333852953771107,21.82854987929161
3762,5.191666666666666,-13.784865688397812,-0.15363994271971282,17.506442345457028,20.32933280504485
3763,5.1930555555555555,-4.533403045612946,-0.05052728115004934,17.211089626304553,19.26196995395331
3764,5.194444444444445,-1.1782443266905096,-0.013132183871397352,17.201786514725935,17.876255699534596
3765,5.195833333333334,0.0,0.0,16.750321396443635,16.925617853108218
3766,5.197222222222222,0.0,0.0,16.299134124720805,16.299134124720805
3767,5.198611111111111,0.0,0.0,15.909640725583928,15.909640725583928
3768,5.2,0.0,0.0,15.628461703127844,15.628461703127844
3769,5.201388888888889,0.0,0.0,15.411519043537645,15.411519043537645
3770,5.2027777777777775,0.0,0.0,15.234591593100912,15.234591593100912
3771,5.204166666666667,0.0,0.0,15.079466411973119,15.079466411973119
3772,5.205555555555556,0.0,0.0,14.942282111497663,14.942282111497663
3773,5.206944444444445,0.0,0.0,14.820084422754551,14.820084422754551
3774,5.208333333333333,0.0,0.0,14.715521093388215,14.715521093388215
3775,5.209722222222222,-0.4692648145122519,-0.0052302155749490535,14.630875870234476,14.630875870234476
3776,5.211111111111111,-8.116417784578333,-0.0904619596374762,14.535610053603609,14.605426183720201
3777,5.2125,-22.11050442818287,-0.24643378547453995,14.108709285157403,15.3162510880043
3778,5.213888888888889,-27.81283426806821,-0.30998940145027465,13.657571812044495,16.947121350732928
3779,5.215277777777778,-26.12212565838147,-0.2911455200647181,14.038617271683218,18.176546210994207
3780,5.216666666666667,-38.52545540369358,-0.42938748155204487,14.73425200630765,18.62064124216608
3781,5.218055555555556,-40.878555863468,-0.4556140860054897,14.441702801047631,20.173430652966083
3782,5.219444444444444,-41.28259795105346,-0.46011735826045486,15.047569853795583,21.12938653146113
3783,5.220833333333333,-43.43155974603105,-0.48406872453057354,15.597573006787318,21.739502128614625
3784,5.222222222222222,-20.105540861485217,-0.2240873590017883,15.919991698996713,22.381638369751442
3785,5.223611111111111,-7.270216431333317,-0.08103057812236052,17.50807941539045,20.499335127389404
3786,5.225,-3.5025451408089556,-0.03903780036536884,17.588366047268686,18.670011976493786
3787,5.226388888888889,-0.8072371267692708,-0.008997103687592866,17.03990781006444,17.561008348028533
3788,5.227777777777778,0.0,0.0,16.626600446257523,16.74669931268552
3789,5.229166666666667,0.0,0.0,16.229796821551243,16.229796821551243
3790,5.230555555555555,0.0,0.0,15.901892695430297,15.901892695430297
3791,5.231944444444444,0.0,0.0,15.65342557012886,15.65342557012886
3792,5.233333333333333,0.0,0.0,15.447381167975939,15.447381167975939
3793,5.2347222222222225,0.0,0.0,15.272340545708582,15.272340545708582
3794,5.236111111111111,0.0,0.0,15.118465033317419,15.118465033317419
3795,5.2375,0.0,0.0,14.97806957851,14.97806957851
3796,5.238888888888889,0.0,0.0,14.857957393350642,14.857957393350642
3797,5.240277777777778,0.0,0.0,14.755143186926775,14.755143186926775
3798,5.241666666666666,0.0,0.0,14.669536573444038,14.669536573444038
3799,5.243055555555555,0.0,0.0,14.602500836408165,14.602500836408165
3800,5.2444444444444445,-4.152231264871947,-0.046278911098195416,14.546675435199719,14.546675435199719
3801,5.245833333333334,-10.366178339351874,-0.11553678376575183,14.289439656858686,14.907198988684558
3802,5.247222222222222,-12.897158963472105,-0.14374596091006187,14.092725331338558,15.634981288679441
3803,5.248611111111111,-12.008605190144756,-0.13384253827807352,14.256206484513308,16.175015865659923
3804,5.25,-29.66871731607605,-0.3306742431916345,14.562707352480624,16.349319765229577
3805,5.251388888888889,-33.110274971966454,-0.3690323043487068,13.808038686596829,18.22208159898625
3806,5.252777777777778,-33.802313516111774,-0.376745456198406,14.41092684877566,19.336996722651925
3807,5.254166666666666,-35.381211736781154,-0.39434314903541867,14.985626197852838,20.01465596036675
3808,5.2555555555555555,-11.840042558217068,-0.1319638146329203,15.349136613754302,20.613071189512485
3809,5.256944444444445,-0.8868596765240572,-0.009884540987313463,16.91772852451736,18.679262580058367
3810,5.258333333333334,-0.023717355246106592,-0.0002643430254486886,16.866919228894982,16.99886415350161
3811,5.259722222222222,0.0,0.0,16.213986628796246,16.217515241870732
3812,5.261111111111111,0.0,0.0,15.789766820485388,15.789766820485388
3813,5.2625,0.0,0.0,15.519513105868612,15.519513105868612
3814,5.263888888888889,0.0,0.0,15.323264726591294,15.323264726591294
3815,5.2652777777777775,0.0,0.0,15.166398059352693,15.166398059352693
3816,5.266666666666667,0.0,0.0,15.031253793919173,15.031253793919173
3817,5.268055555555556,0.0,0.0,14.911223221593321,14.911223221593321
3818,5.269444444444445,0.0,0.0,14.799742492398845,14.799742492398845
3819,5.270833333333333,0.0,0.0,14.693038494628487,14.693038494628487
3820,5.272222222222222,0.0,0.0,14.600832289037225,14.600832289037225
3821,5.273611111111111,0.0,0.0,14.521129113006113,14.521129113006113
3822,5.275,0.0,0.0,14.455268163370283,14.455268163370283
3823,5.276388888888889,0.0,0.0,14.406788346151304,14.406788346151304
3824,5.277777777777778,0.0,0.0,14.367229606947477,14.367229606947477
3825,5.279166666666667,-2.738507482523665,-0.03052217861698608,14.331686739897819,14.331686739897819
3826,5.280555555555556,-13.4324935533128,-0.1497125606273323,14.161639204333735,14.569067992541209
3827,5.281944444444444,-12.443141020189493,-0.138685680137187,13.699749262354308,15.698204481467865
3828,5.283333333333333,-28.5260490222547,-0.3179385738584102,14.19149126912079,16.042752914270125
3829,5.284722222222222,-33.144156908032315,-0.3694099372422049,13.601743353346063,17.84578272868263
3830,5.286111111111111,-38.86935705476212,-0.4332204554210508,14.133604108732285,19.064714858429245
3831,5.2875,-43.35193719627627,-0.483181287230853,14.495605809595931,20.278498551094412
3832,5.288888888888889,-22.445088546833304,-0.25016291029783394,14.932596524097631,21.382397136673735
3833,5.290277777777778,-11.028570189439566,-0.12291950683364021,16.61385051746066,19.953178704878432
3834,5.291666666666667,-5.791269922058242,-0.06454690232116729,16.846194190352318,18.486999269987738
3835,5.293055555555555,-1.2570198280436495,-0.014010180348780498,16.570699899938578,17.43231159959045
3836,5.294444444444444,-0.007623435614819977,-8.496740103707849e-05,16.329168602635228,16.516185095582923
3837,5.295833333333333,0.0,0.0,15.9506125836185,15.951746780678157
3838,5.2972222222222225,0.0,0.0,15.623359045994366,15.623359045994366
3839,5.298611111111111,0.0,0.0,15.391824395368223,15.391824395368223
3840,5.3,0.0,0.0,15.208306503616285,15.208306503616285
3841,5.301388888888889,0.0,0.0,15.054569701735078,15.054569701735078
3842,5.302777777777778,0.0,0.0,14.921072345857638,14.921072345857638
3843,5.304166666666666,0.0,0.0,14.799378542031237,14.799378542031237
3844,5.305555555555555,0.0,0.0,14.69511595782059,14.69511595782059
3845,5.3069444444444445,0.0,0.0,14.604624662443323,14.604624662443323
3846,5.308333333333334,0.0,0.0,14.528610539245584,14.528610539245584
3847,5.309722222222222,0.0,0.0,14.469406746607403,14.469406746607403
3848,5.311111111111111,0.0,0.0,14.42059210377664,14.42059210377664
3849,5.3125,0.0,0.0,14.378716720253127,14.378716720253127
3850,5.313888888888889,0.0,0.0,14.341973740013472,14.341973740013472
3851,5.315277777777778,0.0,0.0,14.308541508761987,14.308541508761987
3852,5.316666666666666,0.0,0.0,14.277644528543098,14.277644528543098
3853,5.3180555555555555,-0.000847048401646664,-9.440822337453166e-06,14.248962808427454,14.248962808427454
3854,5.319444444444445,-1.3078427321424493,-0.014576629689027686,14.222691582324412,14.22281760421993
3855,5.320833333333334,-4.038726779051294,-0.04501384090497669,14.134077992391937,14.328655799070669
3856,5.322222222222222,-4.294535396348587,-0.04786496925088755,14.026833964677664,14.627706362504215
3857,5.323611111111111,0.0,0.0,14.129036762379636,14.767967772652415
3858,5.325,0.0,0.0,14.419742654926996,14.419742654926996
3859,5.326388888888889,0.0,0.0,14.3064131084955,14.3064131084955
3860,5.3277777777777775,0.0,0.0,14.246595126909568,14.246595126909568
3861,5.329166666666667,0.0,0.0,14.208095736555766,14.208095736555766
3862,5.330555555555556,0.0,0.0,14.177384773125182,14.177384773125182
3863,5.331944444444445,0.0,0.0,14.147019710701095,14.147019710701095
3864,5.333333333333333,0.0,0.0,14.114062942821793,14.114062942821793
3865,5.334722222222222,0.0,0.0,14.08146973424735,14.08146973424735
3866,5.336111111111111,0.0,0.0,14.0505660164037,14.0505660164037
3867,5.3375,0.0,0.0,14.02093261390468,14.02093261390468
3868,5.338888888888889,0.0,0.0,13.998299922818287,13.998299922818287
3869,5.340277777777778,0.0,0.0,13.98044331104385,13.98044331104385
3870,5.341666666666667,0.0,0.0,13.963801820942118,13.963801820942118
3871,5.343055555555556,0.0,0.0,13.948998996509173,13.948998996509173
3872,5.344444444444444,0.0,0.0,13.936162356730927,13.936162356730927
3873,5.345833333333333,0.0,0.0,13.923901518697319,13.923901518697319
3874,5.347222222222222,0.0,0.0,13.912160238831838,13.912160238831838
3875,5.348611111111111,0.0,0.0,13.900893286071048,13.900893286071048
3876,5.35,0.0,0.0,13.890059604876024,13.890059604876024
3877,5.351388888888889,0.0,0.0,13.879621318641044,13.879621318641044
3878,5.352777777777778,0.0,0.0,13.869546450361863,13.869546450361863
3879,5.354166666666667,0.0,0.0,13.860149507437855,13.860149507437855
3880,5.355555555555555,0.0,0.0,13.852809928356875,13.852809928356875
3881,5.356944444444444,0.0,0.0,13.84730552850339,13.84730552850339
3882,5.358333333333333,0.0,0.0,13.843835845207026,13.843835845207026
3883,5.3597222222222225,0.0,0.0,13.84365611701919,13.84365611701919
3884,5.361111111111111,0.0,0.0,13.84501097704123,13.84501097704123
3885,5.3625,0.0,0.0,13.84719610340866,13.84719610340866
3886,5.363888888888889,0.0,0.0,13.844667746167646,13.844667746167646
3887,5.365277777777778,0.0,0.0,13.836981482170692,13.836981482170692
3888,5.366666666666666,0.0,0.0,13.823061926180182,13.823061926180182
3889,5.368055555555555,0.0,0.0,13.805662459968234,13.805662459968234
3890,5.3694444444444445,0.0,0.0,13.78594468834964,13.78594468834964
3891,5.370833333333334,0.0,0.0,13.764840784685315,13.764840784685315
3892,5.372222222222222,0.0,0.0,13.749091206945081,13.749091206945081
3893,5.373611111111111,16.737534044032685,0.18654906256785675,13.738148447552167,13.738148447552167
3894,5.375,4.983954155668105,0.055548922151560126,14.569039723671477,12.078868250100323
3895,5.376388888888889,0.0,0.0,13.332506290033784,12.591005156630212
3896,5.377777777777778,-0.9927407267298902,-0.011064643779495108,13.151661653586126,13.151661653586126
3897,5.379166666666666,-2.764765982974711,-0.030814844109447126,13.294774077835715,13.442471739382006
3898,5.3805555555555555,-2.126938536534773,-0.023705904889344893,13.338621873296107,13.749957340264618
3899,5.381944444444445,-0.5048408473814118,-0.005626730113122086,13.509194455419404,13.82563543506338
3900,5.383333333333334,-4.569826126883752,-0.05093323651055982,13.649909438974086,13.725018488702405
3901,5.384722222222222,-11.342825146450478,-0.12642205192083533,13.427441637634992,14.107329763950897
3902,5.386111111111111,-15.584843541896971,-0.17370169018680076,13.240086326492884,14.927645529365229
3903,5.3875,-17.191694359820694,-0.19161093016094943,13.379191473065621,15.69786832868867
3904,5.388888888888889,-0.009317532418113304,-0.00010384904571198482,13.67741777833707,16.235158169756463
3905,5.3902777777777775,0.0,0.0,14.847598711439796,14.848984952290486
3906,5.391666666666667,0.0,0.0,14.408211930447349,14.408211930447349
3907,5.393055555555556,0.0,0.0,14.196101888404797,14.196101888404797
3908,5.394444444444445,0.0,0.0,14.079444170525965,14.079444170525965
3909,5.395833333333333,0.0,0.0,14.004843715346222,14.004843715346222
3910,5.397222222222222,0.0,0.0,13.949658572150184,13.949658572150184
3911,5.398611111111111,0.0,0.0,13.906292222228714,13.906292222228714
3912,5.4,0.0,0.0,13.870611986377561,13.870611986377561
3913,5.401388888888889,0.0,0.0,13.841658587049078,13.841658587049078
3914,5.402777777777778,0.0,0.0,13.816455983269883,13.816455983269883
3915,5.404166666666667,0.0,0.0,13.791259172401109,13.791259172401109
3916,5.405555555555556,0.0,0.0,13.765793115642552,13.765793115642552
3917,5.406944444444444,11.764197395038805,0.1311184783931858,13.74230211183409,13.74230211183409
3918,5.408333333333333,3.4868857146026975,0.03886326741018901,14.314532229905259,12.564282241733913
3919,5.409722222222222,0.0,0.0,13.438070999521466,12.919300234648723
3920,5.411111111111111,0.0,0.0,13.306249073839908,13.306249073839908
3921,5.4125,-0.17957426114909278,-0.002001454335540071,13.436084666439227,13.436084666439227
3922,5.413888888888889,-1.4162649275532222,-0.015785054948221692,13.488665762911753,13.515382404761423
3923,5.415277777777778,-0.049975855697153175,-0.0005570085179097367,13.46322074969314,13.673929358998087
3924,5.416666666666667,-7.078783492561172,-0.0788969522740961,13.599462171956766,13.606897463792288
3925,5.418055555555555,-13.868723480160828,-0.15457458413112063,13.235165735846037,14.288330716684225
3926,5.419444444444444,-19.471948657053513,-0.21702562389337335,13.160031824928526,15.223388320233498
3927,5.420833333333333,-26.430451276580857,-0.2945819793955511,13.294648478117924,16.191639812269926
3928,5.4222222222222225,-7.4108264660066645,-0.08259775463037775,13.418407579606773,17.350668785433506
3929,5.423611111111111,-4.319946848397986,-0.04814819392101114,14.946234340638679,16.048799904519655
3930,5.425,-2.7308840469088445,-0.030437211215949,14.75589943804003,15.398611105178329
3931,5.426388888888889,-0.45401794328261186,-0.0050602807728748955,14.580666506757042,14.98696109790486
3932,5.427777777777778,0.0,0.0,14.50945350307902,14.577001239076301
3933,5.429166666666666,0.0,0.0,14.341778651473028,14.341778651473028
3934,5.430555555555555,0.0,0.0,14.206049552692361,14.206049552692361
3935,5.4319444444444445,0.0,0.0,14.113858921768424,14.113858921768424
3936,5.433333333333334,0.0,0.0,14.045496292079813,14.045496292079813
3937,5.434722222222222,0.0,0.0,13.99172293441346,13.99172293441346
3938,5.436111111111111,0.0,0.0,13.946735627165523,13.946735627165523
3939,5.4375,0.0,0.0,13.90553314814013,13.90553314814013
3940,5.438888888888889,0.0,0.0,13.866898807316513,13.866898807316513
3941,5.440277777777778,0.05260491943137634,0.000586310885496277,13.829801557754411,13.829801557754411
3942,5.441666666666666,-1.4188060727581622,-0.01581337741523405,13.801438608396113,13.793612170559278
3943,5.4430555555555555,-8.69918708491124,-0.096957245405644,13.703824195639813,13.914910870631314
3944,5.444444444444445,-12.70064373429008,-0.14155569012777275,13.375384556333108,14.669629423295918
3945,5.445833333333334,-23.734296214139526,-0.26453184189543766,13.469568387041935,15.359140688428534
3946,5.447222222222222,-29.501848780951658,-0.32881440119115624,13.240384118073319,16.77151763046844
3947,5.448611111111111,-26.182266094898385,-0.29181581845067733,13.575490121188043,17.964706720160553
3948,5.45,-38.93966207209879,-0.4340040436750594,14.3518269385042,18.247163728944358
3949,5.451388888888889,-42.03647102851899,-0.46851969014078815,13.995206746189869,19.788559305016285
3950,5.4527777777777775,-47.24835984385092,-0.5266090699831375,14.561291153806259,20.815379762643975
3951,5.454166666666667,-52.69996335684884,-0.587370202546986,14.902118833728867,21.931620165684613
3952,5.455555555555556,-29.074089338120096,-0.32404678591074243,15.264853705312714,23.10543195681789
3953,5.456944444444445,-21.35917249592228,-0.238059776061219,17.123072276990793,21.44864781872706
3954,5.458333333333333,-14.908051868981286,-0.16615847313917567,17.099177654072992,20.276945771437568
3955,5.459722222222222,-7.488754918958157,-0.08346631028542344,16.99395026983975,19.211935630944467
3956,5.461111111111111,-4.08531444114186,-0.04553308613353661,16.92154070321257,18.03570028148114
3957,5.4625,0.0,0.0,16.569675944947214,17.177479547027218
3958,5.463888888888889,0.0,0.0,16.328329254147473,16.328329254147473
3959,5.465277777777778,0.0,0.0,15.87714767186429,15.87714767186429
3960,5.466666666666667,0.0,0.0,15.567917686740131,15.567917686740131
3961,5.468055555555556,0.0,0.0,15.333582134193113,15.333582134193113
3962,5.469444444444444,0.0,0.0,15.143613814218487,15.143613814218487
3963,5.470833333333333,0.0,0.0,14.98035286863148,14.98035286863148
3964,5.472222222222222,0.0,0.0,14.842976460074123,14.842976460074123
3965,5.473611111111111,0.0,0.0,14.722468952356854,14.722468952356854
3966,5.475,0.0,0.0,14.620083021415683,14.620083021415683
3967,5.476388888888889,-8.657681713230554,-0.0964946451111088,14.537620318336057,14.537620318336057
3968,5.477777777777778,-17.968437744130686,-0.200268164244394,14.033443063178881,15.321512857261341
3969,5.479166666666667,-19.70573401590799,-0.2196312908585104,13.838295768121522,16.511598237730293
3970,5.480555555555555,-22.41544185277567,-0.24983248151602308,14.250304900763023,17.182078278077803
3971,5.481944444444444,-16.992637985433728,-0.18939233691164795,14.47547495678858,17.810392377863245
3972,5.483333333333333,-26.71929478154237,-0.29780129981262266,15.0888267675314,17.616952013504225
3973,5.4847222222222225,-30.99434806465308,-0.3454491301497487,14.63057772336319,18.605812395561326
3974,5.486111111111111,-30.24386318079414,-0.33708456155876526,14.849487329793437,19.460754508667453
3975,5.4875,-28.20671177483391,-0.31437938383719033,15.334238098057108,19.833849877502786
3976,5.488888888888889,-6.257146542963907,-0.06973935460676653,15.716001227711939,19.912530348438477
3977,5.490277777777778,-0.14145708307499288,-0.0015766173303546785,16.959782596560338,17.89070633874673
3978,5.491666666666666,0.0,0.0,16.565113359705016,16.586159016256406
3979,5.493055555555555,0.0,0.0,15.975925450969626,15.975925450969626
3980,5.4944444444444445,0.0,0.0,15.618753272591427,15.618753272591427
3981,5.495833333333334,0.0,0.0,15.38186082730549,15.38186082730549
3982,5.497222222222222,0.0,0.0,15.200474839909266,15.200474839909266
3983,5.498611111111111,0.0,0.0,15.050517540443725,15.050517540443725
3984,5.5,0.0,0.0,14.923364751128688,14.923364751128688
3985,5.501388888888889,0.0,0.0,14.813111024422998,14.813111024422998
3986,5.502777777777778,0.0,0.0,14.714562873703553,14.714562873703553
3987,5.504166666666666,0.0,0.0,14.621553669822381,14.621553669822381
3988,5.5055555555555555,0.0,0.0,14.541299679171203,14.541299679171203
3989,5.506944444444445,0.3667865942004222,0.0040880392016254185,14.471752982587539,14.471752982587539
3990,5.508333333333333,0.0,0.0,14.433021738258292,14.378452079946419
3991,5.509722222222222,0.0,0.0,14.356819999576333,14.356819999576333
3992,5.511111111111111,0.0,0.0,14.324716276178417,14.324716276178417
3993,5.5125,-1.2061969239448493,-0.013443731008533305,14.292605665355449,14.292605665355449
3994,5.513888888888889,-3.7422598384749612,-0.04170955308686808,14.201501774438077,14.380956953654731
3995,5.5152777777777775,-2.4691460908000256,-0.027519997113675976,14.091533874743218,14.64829860913871
3996,5.516666666666667,-14.098273597007076,-0.15713304698457048,14.2524716897384,14.61982551517137
3997,5.518055555555556,-20.82299085767994,-0.23208373552161113,13.671580740235461,15.769089169225627
3998,5.519444444444445,-23.780036827828447,-0.26504164630166016,13.782117470174587,16.880113727676704
3999,5.520833333333333,-27.566343183189037,-0.30724212215007585,14.154323437221699,17.692262131974758
4000,5.522222222222222,-5.172077540454531,-0.057645661192489026,14.409818853193489,18.511075420908938
4001,5.523611111111111,-0.6259687688168847,-0.006976767707377888,15.982461850004158,16.751951544032874
4002,5.525,-0.12705726024699962,-0.0014161233506179748,15.671667085006865,15.76479726579416
4003,5.526388888888889,0.0,0.0,15.270294288267944,15.289197572595542
4004,5.527777777777778,0.0,0.0,15.019722696178265,15.019722696178265
4005,5.529166666666667,0.0,0.0,14.85442685723288,14.85442685723288
4006,5.530555555555556,0.0,0.0,14.73303488297469,14.73303488297469
4007,5.531944444444444,0.0,0.0,14.634885778214002,14.634885778214002
4008,5.533333333333333,0.0,0.0,14.549241724110892,14.549241724110892
4009,5.534722222222222,0.0,0.0,14.472552756653469,14.472552756653469
4010,5.536111111111111,0.0,0.0,14.400327936119764,14.400327936119764
4011,5.5375,0.0,0.0,14.328201735689879,14.328201735689879
4012,5.538888888888889,0.0,0.0,14.264909214203827,14.264909214203827
4013,5.540277777777778,0.0,0.0,14.20908932254221,14.20908932254221
4014,5.541666666666667,-1.2536316344370626,-0.013972417059430682,14.163801651755378,14.163801651755378
4015,5.543055555555555,-3.991292068559081,-0.04448515485407931,14.068916906156565,14.255429311522189
4016,5.544444444444444,-5.305064139513056,-0.059127870299469164,13.952860764201029,14.54667593587861
4017,5.545833333333333,-4.718059597171918,-0.05258538041961412,13.996491101599068,14.785766233224003
4018,5.5472222222222225,-2.7393545309253113,-0.030531619439323532,14.135322209655245,14.83726416768668
4019,5.548611111111111,-0.7166029477930778,-0.007986935697485377,14.27769179386676,14.685246603969752
4020,5.55,-1.913482339319814,-0.0213268176603067,14.334593753970493,14.44120827757814
4021,5.551388888888889,-2.574180092604212,-0.028690659083520167,14.177865314855342,14.462548776828953
4022,5.552777777777778,-4.690954048319225,-0.05228327410481562,14.137844861038383,14.520825401515498
4023,5.554166666666667,-7.757269262280149,-0.08645905096639608,14.051149937186384,14.749059194561266
4024,5.555555555555555,-9.133722914955978,-0.10180038726475747,13.988517456542324,15.14262597568988
4025,5.5569444444444445,0.0,0.0,14.089609660510654,15.448503759873844
4026,5.558333333333334,0.0,0.0,14.70521299863521,14.70521299863521
4027,5.559722222222222,0.0,0.0,14.460510223958622,14.460510223958622
4028,5.561111111111111,0.0,0.0,14.331538337658262,14.331538337658262
4029,5.5625,0.0,0.0,14.25030863407413,14.25030863407413
4030,5.563888888888889,0.0,0.0,14.189978373373084,14.189978373373084
4031,5.565277777777778,0.0,0.0,14.138561048820211,14.138561048820211
4032,5.566666666666666,0.0,0.0,14.092791694045406,14.092791694045406
4033,5.5680555555555555,0.0,0.0,14.05187578632525,14.05187578632525
4034,5.569444444444445,0.0,0.0,14.015323216986653,14.015323216986653
4035,5.570833333333333,0.0,0.0,13.982065722847407,13.982065722847407
4036,5.572222222222222,0.0,0.0,13.956461779140863,13.956461779140863
4037,5.573611111111111,0.0,0.0,13.93487450505257,13.93487450505257
4038,5.575,0.0,0.0,13.914346150374982,13.914346150374982
4039,5.576388888888889,0.0,0.0,13.896956461319562,13.896956461319562
4040,5.5777777777777775,0.0,0.0,13.883376993206696,13.883376993206696
4041,5.579166666666667,0.0,0.0,13.87066029188723,13.87066029188723
4042,5.580555555555556,0.0,0.0,13.858697406750204,13.858697406750204
4043,5.581944444444445,0.0,0.0,13.847350327811977,13.847350327811977
4044,5.583333333333333,0.0,0.0,13.836575445210519,13.836575445210519
4045,5.584722222222222,0.0,0.0,13.82638458590422,13.82638458590422
4046,5.586111111111111,0.0,0.0,13.816659271705758,13.816659271705758
4047,5.5875,0.0,0.0,13.807499234427109,13.807499234427109
4048,5.588888888888889,0.0,0.0,13.799221444639894,13.799221444639894
4049,5.590277777777778,0.0,0.0,13.791623826942633,13.791623826942633
4050,5.591666666666667,0.0,0.0,13.785500145345768,13.785500145345768
4051,5.593055555555556,0.0,0.0,13.782282964103045,13.782282964103045
4052,5.594444444444444,0.0,0.0,13.780689034907734,13.780689034907734
4053,5.595833333333333,0.0,0.0,13.779876664197197,13.779876664197197
4054,5.597222222222222,0.0,0.0,13.776324433566279,13.776324433566279
4055,5.598611111111111,0.0,0.0,13.76897150235991,13.76897150235991
4056,5.6,0.0,0.0,13.758227373139052,13.758227373139052
4057,5.601388888888889,0.0,0.0,13.745074326072492,13.745074326072492
4058,5.602777777777778,0.0,0.0,13.730939954043077,13.730939954043077
4059,5.604166666666667,0.0,0.0,13.715929866935532,13.715929866935532
4060,5.605555555555555,0.0,0.0,13.70662192536998,13.70662192536998
4061,5.606944444444444,0.0,0.0,13.700399983946415,13.700399983946415
4062,5.608333333333333,-0.5878515907427848,-0.006551930702192496,13.694804823134831,13.694804823134831
4063,5.6097222222222225,-24.480545855990236,-0.2728492063747339,13.659938811431122,13.747398006920138
4064,5.611111111111111,-35.06526268296695,-0.39082172230354867,12.478933838523663,16.121092640869538
4065,5.6125,-40.30764524075815,-0.44925097175004625,12.870138192443164,18.08706660117339
4066,5.613888888888889,-46.181925906177774,-0.514723074660284,13.55075688050102,19.547634800587897
4067,5.615277777777778,-42.47863029417855,-0.47344779940093873,14.059401349775989,20.930241115275436
4068,5.616666666666667,-53.54023537128234,-0.5967354983057397,15.020842714559986,21.34071475285774
4069,5.618055555555555,-56.258413692166485,-0.6270310971866269,14.878575891963445,22.844167863821795
4070,5.6194444444444445,-59.48227990883369,-0.6629628670029736,15.518229625954143,23.88822586052755
4071,5.620833333333334,-62.09118898590541,-0.6920405998023293,16.013139947460374,24.862775516372675
4072,5.622222222222222,-38.035861427541796,-0.42393068624099683,16.503742565034962,25.74152557214059
4073,5.623611111111111,-25.712154231984485,-0.2865761620533908,18.287351251022855,23.9462384473323
4074,5.625,-20.469771674193282,-0.22814691260689318,18.439762150887283,22.265156789315334
4075,5.626388888888889,-8.56704753425436,-0.09548447712100132,18.074590123108138,21.120035250179534
4076,5.627777777777778,-2.471687236004966,-0.02754831958068834,18.16123520198694,19.43582065324905
4077,5.629166666666666,0.0,0.0,17.725316468392087,18.09304835951161
4078,5.6305555555555555,0.0,0.0,17.16280630768576,17.16280630768576
4079,5.631944444444445,0.0,0.0,16.617458980274915,16.617458980274915
4080,5.633333333333333,0.0,0.0,16.232271195821298,16.232271195821298
4081,5.634722222222222,0.0,0.0,15.936533273963065,15.936533273963065
4082,5.636111111111111,0.0,0.0,15.695809131445323,15.695809131445323
4083,5.6375,0.0,0.0,15.489906377715286,15.489906377715286
4084,5.638888888888889,0.0,0.0,15.311670126159672,15.311670126159672
4085,5.6402777777777775,-0.635286301234998,-0.007080616753089873,15.157224106903978,15.157224106903978
4086,5.641666666666667,-4.38771072052972,-0.04890345970800739,14.994512181995528,15.089028603633514
4087,5.643055555555556,-22.045281701256076,-0.24570684215455604,14.723938041121793,15.376731459901476
4088,5.644444444444445,-37.2116833327396,-0.41474476610665495,13.905518380752202,17.185364233485803
4089,5.645833333333333,-41.58584127884296,-0.46349717265726303,13.836680313620775,19.37294820559187
4090,5.647222222222222,-44.4979936837042,-0.4959547198534271,14.591866718927882,20.778911679350387
4091,5.648611111111111,-38.25355286676499,-0.42635697758172236,15.213301688858913,21.83360992606994
4092,5.65,-48.55704962439501,-0.5411951404945027,16.156292756339845,21.847567579797236
4093,5.651388888888889,-52.091782604466545,-0.5805916921086948,15.855865255433333,23.080070415963327
4094,5.652777777777778,-56.155073787165584,-0.6258793168614575,16.29289708228543,24.042991612809175
4095,5.654166666666667,-61.92008520877279,-0.6901335536901638,16.65885119484645,25.013472758166742
4096,5.655555555555556,-38.480561838406295,-0.42888711796815976,16.947155909200234,26.159482493411364
4097,5.656944444444444,-22.326501770602768,-0.24884119517059047,18.772274721891293,24.497323413347328
4098,5.658333333333333,-17.418703331461998,-0.19414107054738686,19.16394090752255,22.4856260295679
4099,5.659722222222222,-11.129368949235518,-0.12404296469179713,18.653367726819592,21.244881986237626
4100,5.661111111111111,-6.117383556692207,-0.06818161892108675,18.389345455731235,20.045147140933217
4101,5.6625,0.0,0.0,18.060454177210705,18.97058430663674
4102,5.663888888888889,0.0,0.0,17.803340410529717,17.803340410529717
4103,5.665277777777778,0.0,0.0,17.187756634410864,17.187756634410864
4104,5.666666666666667,0.0,0.0,16.767064288419558,16.767064288419558
4105,5.668055555555555,0.0,0.0,16.450608648425266,16.450608648425266
4106,5.669444444444444,0.0,0.0,16.196770399883963,16.196770399883963
4107,5.670833333333333,0.0,0.0,15.980753176806823,15.980753176806823
4108,5.6722222222222225,0.0,0.0,15.793773938326149,15.793773938326149
4109,5.673611111111111,0.0,0.0,15.628298745013499,15.628298745013499
4110,5.675,0.0,0.0,15.485410839323603,15.485410839323603
4111,5.676388888888889,-12.92934680273468,-0.1441047121588851,15.368037653862602,15.368037653862602
4112,5.677777777777778,-28.122006934669244,-0.31343530160344507,14.619865196915853,16.543463410092127
4113,5.679166666666667,-33.18227408610642,-0.3698347742473903,14.265164379516506,18.449091310691312
4114,5.680555555555555,-36.97281568347524,-0.41208245420749323,14.805352053034218,19.742133788029456
4115,5.6819444444444445,-32.430095105444174,-0.3614513240117318,15.278618077141932,20.77934779457715
4116,5.683333333333334,-45.62541510629591,-0.5085204543845773,16.08327081809562,20.908145109871484
4117,5.684722222222222,-47.72609514237963,-0.531933693781461,15.650243254439857,22.43828663458443
4118,5.686111111111111,-48.55620257599337,-0.5411856996721652,16.262861702743766,23.363439383771276
4119,5.6875,-49.74799967711022,-0.5544689367009618,16.787711961522852,24.01179110015733
4120,5.688888888888889,-25.183596029356966,-0.28068508891482,17.179288018860312,24.58067996448765
4121,5.690277777777778,-13.274095502204872,-0.14794712685022854,18.810372530714027,22.557129506339272
4122,5.691666666666666,-8.56704753425436,-0.09548447712100132,18.791910514131374,20.766799638783194
4123,5.6930555555555555,-1.8152247247288011,-0.020231682269162134,18.295021545270647,19.569606996532755
4124,5.694444444444445,-0.15162166389475285,-0.0016899071984041163,18.047800882877702,18.317865804971305
4125,5.695833333333333,0.0,0.0,17.512686186546105,17.535244105843706
4126,5.697222222222222,0.0,0.0,17.044872043916566,17.044872043916566
4127,5.698611111111111,0.0,0.0,16.690616836977142,16.690616836977142
4128,5.7,0.0,0.0,16.40954891761812,16.40954891761812
4129,5.701388888888889,0.0,0.0,16.174764492459477,16.174764492459477
4130,5.7027777777777775,0.0,0.0,15.969760972914687,15.969760972914687
4131,5.704166666666667,0.0,0.0,15.784638368642975,15.784638368642975
4132,5.705555555555556,0.0,0.0,15.62494760470511,15.62494760470511
4133,5.706944444444445,0.0,0.0,15.48625842472683,15.48625842472683
4134,5.708333333333333,0.0,0.0,15.368303308129313,15.368303308129313
4135,5.709722222222222,-0.5522755578736249,-0.006155416164019463,15.27417139766857,15.27417139766857
4136,5.711111111111111,-15.437457120010452,-0.1720589871000839,15.16760907889923,15.249775354776519
4137,5.7125,-29.633141283206893,-0.3302777286534615,14.37404916180749,16.670798207610527
4138,5.713888888888889,-34.67138517620125,-0.3864317399166329,14.18381524109769,18.592565233875384
4139,5.715277777777778,-30.05497138722693,-0.3349792581775132,14.760893074734474,19.91922130204915
4140,5.716666666666667,-39.494478775177356,-0.44018778230609124,15.68574777795483,20.157256674700147
4141,5.718055555555556,-42.66413389413918,-0.475515339492841,15.49527203365727,21.371168934047528
4142,5.719444444444444,-36.82627630999036,-0.41044919194311374,15.938724891534003,22.286195724950048
4143,5.720833333333333,-33.893794743489615,-0.37776506501085094,16.772910422004244,22.251838351514966
4144,5.722222222222222,-15.253647616853126,-0.1700103286528566,17.094646261477386,22.137286388707167
4145,5.723611111111111,-8.007995589167562,-0.08925353437828222,18.102241892164656,20.371644186640438
4146,5.725,-3.5211802056451824,-0.03924549845679281,17.86304507216326,19.054456072383942
4147,5.726388888888889,-0.756414222670471,-0.008430654347345676,17.510631541399633,18.034504561065106
4148,5.727777777777778,0.0,0.0,17.141570901280975,17.254108453977935
4149,5.729166666666667,0.0,0.0,16.754053092269405,16.754053092269405
4150,5.730555555555555,0.0,0.0,16.429727552016075,16.429727552016075
4151,5.731944444444444,0.0,0.0,16.178983768074357,16.178983768074357
4152,5.733333333333333,0.0,0.0,15.968557068427742,15.968557068427742
4153,5.7347222222222225,0.0,0.0,15.788344284278528,15.788344284278528
4154,5.736111111111111,0.0,0.0,15.628975383566807,15.628975383566807
4155,5.7375,0.0,0.0,15.481675432083396,15.481675432083396
4156,5.738888888888889,0.0,0.0,15.354336074820884,15.354336074820884
4157,5.740277777777778,0.0,0.0,15.24729625833094,15.24729625833094
4158,5.741666666666667,0.0,0.0,15.157372885346277,15.157372885346277
4159,5.743055555555555,0.0,0.0,15.08409361991042,15.08409361991042
4160,5.7444444444444445,-1.777107546654701,-0.01980684526397674,15.021696480599234,15.021696480599234
4161,5.745833333333334,-13.657808428150812,-0.15222381936909485,14.878954452021754,15.143348388817078
4162,5.747222222222222,-22.282455253717142,-0.24835027240904292,14.303033888720211,16.335010932041374
4163,5.748611111111111,-19.250869024223732,-0.21456156926329806,14.320407900796418,17.635539884274866
4164,5.75,-32.272544102737896,-0.35969533105696555,15.054029729854205,17.91812934927619
4165,5.751388888888889,-32.052311518309764,-0.35724071724922773,14.642223425593176,19.44365764480282
4166,5.752777777777778,-33.69897361111088,-0.37559367587323667,15.335803608572053,20.104472134947194
4167,5.754166666666666,-38.11802512250153,-0.42484644600772986,15.68668016577227,20.700335257033068
4168,5.7555555555555555,-17.02228467949136,-0.1897227656934588,15.84995130816477,21.521062628339394
4169,5.756944444444445,-5.161065911233123,-0.05752293050210213,17.36854206590471,19.90107807822064
4170,5.758333333333333,-2.09729184247714,-0.023375476107534033,17.49581375973715,18.263665169124142
4171,5.759722222222222,-0.6344392528333513,-0.00707117593075242,16.99510781443972,17.30713802774059
4172,5.761111111111111,0.0,0.0,16.588882150298808,16.683272550041277
4173,5.7625,0.0,0.0,16.26917827895814,16.26917827895814
4174,5.763888888888889,0.0,0.0,16.00179940380206,16.00179940380206
4175,5.7652777777777775,0.0,0.0,15.796905545227814,15.796905545227814
4176,5.766666666666667,0.0,0.0,15.623312960284768,15.623312960284768
4177,5.768055555555556,0.0,0.0,15.473165294107018,15.473165294107018
4178,5.769444444444445,0.0,0.0,15.339904458741742,15.339904458741742
4179,5.770833333333333,0.0,0.0,15.218040688276773,15.218040688276773
4180,5.772222222222222,0.0,0.0,15.114563772656744,15.114563772656744
4181,5.773611111111111,0.0,0.0,15.024620422576316,15.024620422576316
4182,5.775,0.0,0.0,14.948399852086018,14.948399852086018
4183,5.776388888888889,0.0,0.0,14.889509768764704,14.889509768764704
4184,5.777777777777778,0.0,0.0,14.840622382229007,14.840622382229007
4185,5.779166666666667,0.0,0.0,14.797066946125033,14.797066946125033
4186,5.780555555555556,0.0,0.0,14.75740897551337,14.75740897551337
4187,5.781944444444444,0.0,0.0,14.720782266448111,14.720782266448111
4188,5.783333333333333,0.0,0.0,14.686637491673274,14.686637491673274
4189,5.784722222222222,0.0,0.0,14.654749159300392,14.654749159300392
4190,5.786111111111111,0.0,0.0,14.626706372881864,14.626706372881864
4191,5.7875,-0.8148605623840908,-0.009082071088629944,14.604462878087688,14.604462878087688
4192,5.788888888888889,-1.9592229530087337,-0.021836622066529168,14.545673473269801,14.666906536757457
4193,5.790277777777778,0.0,0.0,14.503016114266266,14.794504758597812
4194,5.791666666666667,0.0,0.0,14.64839756526871,14.64839756526871
4195,5.793055555555555,0.0,0.0,14.599330673145305,14.599330673145305
4196,5.794444444444444,0.0,0.0,14.566900360582242,14.566900360582242
4197,5.795833333333333,0.0,0.0,14.537171658495586,14.537171658495586
4198,5.7972222222222225,0.0,0.0,14.507253295513934,14.507253295513934
4199,5.798611111111111,0.0,0.0,14.476768611961093,14.476768611961093
4200,5.8,0.0,0.0,14.444419244531458,14.444419244531458
4201,5.801388888888889,0.0,0.0,14.411032495296947,14.411032495296947
4202,5.802777777777778,0.0,0.0,14.379673906246571,14.379673906246571
4203,5.804166666666667,0.0,0.0,14.350527283823427,14.350527283823427
4204,5.805555555555555,0.0,0.0,14.327318629556729,14.327318629556729
4205,5.8069444444444445,0.0,0.0,14.308024534528478,14.308024534528478
4206,5.808333333333334,0.0,0.0,14.290645370145397,14.290645370145397
4207,5.809722222222222,0.0,0.0,14.275056343911764,14.275056343911764
4208,5.811111111111111,0.0,0.0,14.260996967500361,14.260996967500361
4209,5.8125,0.0,0.0,14.247473378978235,14.247473378978235
4210,5.813888888888889,0.0,0.0,14.23439578303858,14.23439578303858
4211,5.815277777777778,0.0,0.0,14.221731009871924,14.221731009871924
4212,5.816666666666666,0.0,0.0,14.209453768907487,14.209453768907487
4213,5.8180555555555555,0.0,0.0,14.197542457887348,14.197542457887348
4214,5.819444444444445,0.0,0.0,14.18618945331091,14.18618945331091
4215,5.820833333333333,0.0,0.0,14.176896480849976,14.176896480849976
4216,5.822222222222222,0.0,0.0,14.170816772634094,14.170816772634094
4217,5.823611111111111,0.0,0.0,14.165937482501022,14.165937482501022
4218,5.825,0.0,0.0,14.162353521827551,14.162353521827551
4219,5.826388888888889,0.0,0.0,14.160953903362556,14.160953903362556
4220,5.8277777777777775,0.0,0.0,14.159372725918917,14.159372725918917
4221,5.829166666666667,0.0,0.0,14.15555397091861,14.15555397091861
4222,5.830555555555556,0.0,0.0,14.146889862535367,14.146889862535367
4223,5.831944444444445,0.0,0.0,14.133745962228293,14.133745962228293
4224,5.833333333333333,0.0,0.0,14.115576420144379,14.115576420144379
4225,5.834722222222222,0.0,0.0,14.096168186601275,14.096168186601275
4226,5.836111111111111,0.0,0.0,14.076429274657642,14.076429274657642
4227,5.8375,0.0,0.0,14.055720184591362,14.055720184591362
4228,5.838888888888889,0.0,0.0,14.040389316345149,14.040389316345149
4229,5.840277777777778,0.0,0.0,14.02997751689528,14.02997751689528
4230,5.841666666666667,0.0,0.0,14.021460421176227,14.021460421176227
4231,5.843055555555556,-5.776023050828601,-0.06437696751909312,14.01371844548269,14.01371844548269
4232,5.844444444444444,-11.716373491576656,-0.13058545457165216,13.716725551777143,14.576068857309703
4233,5.845833333333333,-22.584004484703357,-0.2517112051611763,13.632640630008213,15.375775488803693
4234,5.847222222222222,-28.786939929961875,-0.32084634713834576,13.437120718186806,16.797116496469418
4235,5.848611111111111,-24.956587057715662,-0.2781549485283826,13.755850949257932,18.03870506841383
4236,5.85,-36.80001780953931,-0.41015652645065265,14.577863105213439,18.290846212840044
4237,5.851388888888889,-40.72354600596666,-0.45388641551773573,14.25631115378093,19.73133240453061
4238,5.852777777777778,-46.17769066416953,-0.5146758705485966,14.73895568220715,20.79771035299303
4239,5.854166666666667,-51.62760008036417,-0.5754181214677704,15.073163489133922,21.943373145155782
4240,5.855555555555555,-30.680093107642165,-0.34194658506255354,15.444934742276502,23.125969274056757
4241,5.856944444444444,-20.795038260425603,-0.2317721883844752,17.16794295835078,21.73245601398787
4242,5.858333333333333,-17.53474896248759,-0.19543446320761795,17.353178580944586,20.44701611589463
4243,5.8597222222222225,-8.733916069378752,-0.09734431912147957,17.06221603482103,19.670995293924936
4244,5.861111111111111,-2.9011407756398246,-0.032334816505777096,17.169543267720716,18.468955032399734
4245,5.8625,0.0,0.0,16.951723916610046,17.383348908756844
4246,5.863888888888889,0.0,0.0,16.574070582467506,16.574070582467506
4247,5.865277777777778,0.0,0.0,16.12949099799618,16.12949099799618
4248,5.866666666666667,0.0,0.0,15.82478771561421,15.82478771561421
4249,5.868055555555555,0.0,0.0,15.596198442882613,15.596198442882613
4250,5.8694444444444445,0.0,0.0,15.41291111008507,15.41291111008507
4251,5.870833333333334,0.0,0.0,15.256681701191571,15.256681701191571
4252,5.872222222222222,0.0,0.0,15.121229893801623,15.121229893801623
4253,5.873611111111111,-0.23802060086271257,-0.002652871076824339,15.001503158415767,15.001503158415767
4254,5.875,-3.9387750676569877,-0.043899823869157216,14.887399196159043,14.922811348799408
4255,5.876388888888889,-24.861717636731232,-0.2770975764265878,14.62828627111722,15.214288085272727
4256,5.877777777777778,-39.98830799333736,-0.4456917817288264,13.655589651916447,17.354458307245114
4257,5.879166666666666,-45.13836227534908,-0.5030919815405417,13.723449462927347,19.672817128404198
4258,5.8805555555555555,-47.653248979838025,-0.5311217830604401,14.52029736680951,21.235878157031628
4259,5.881944444444445,-42.04324741573217,-0.46859521671948784,15.248847191034706,22.338586989047727
4260,5.883333333333333,-53.24800367271425,-0.5934784145993184,16.20690785392152,22.462004637923375
4261,5.884722222222222,-57.05463918971435,-0.6359054701838328,15.925984725484506,23.848099143389383
4262,5.886111111111111,-62.86115598300223,-0.7006223073070742,16.43314742287888,24.92160423923856
4263,5.8875,-67.7943658741924,-0.7556056566004014,16.783007036469467,26.135343946600333
4264,5.888888888888889,-45.55426304055759,-0.5077274253082312,17.234459866510914,27.320748296134614
4265,5.8902777777777775,-35.282107073788495,-0.39323857282193664,19.051861946629344,25.829319487550464
4266,5.891666666666667,-31.65081057592925,-0.35276576746127497,19.24149946168766,24.49068947567032
4267,5.893055555555556,-21.365101834733807,-0.23812586181758116,18.960655400855963,23.669589548755898
4268,5.894444444444445,-13.451128618149024,-0.14992025871875625,19.133900416489325,22.312550687122524
4269,5.895833333333333,0.0,0.0,18.96327764360897,20.964505344423905
4270,5.897222222222222,0.0,0.0,19.000867396293454,19.000867396293454
4271,5.898611111111111,0.0,0.0,18.08477326255917,18.08477326255917
4272,5.9,0.0,0.0,17.501642543190485,17.501642543190485
4273,5.901388888888889,0.0,0.0,17.083885044341905,17.083885044341905
4274,5.902777777777778,0.0,0.0,16.760149810284293,16.760149810284293
4275,5.904166666666667,0.0,0.0,16.490827253400813,16.490827253400813
4276,5.905555555555556,0.0,0.0,16.261367329071057,16.261367329071057
4277,5.906944444444444,-1.5246871229639951,-0.016993480207415694,16.061067521972383,16.061067521972383
4278,5.908333333333333,-7.573459759122823,-0.08441039251916875,15.812742865931517,16.03958227786268
4279,5.909722222222222,-44.17103300066859,-0.49231056243117016,15.424197761635247,16.550959529455547
4280,5.911111111111111,-52.439072449141676,-0.5844624292670505,13.730017547310494,20.30168133285184
4281,5.9125,-58.43278693919347,-0.6512656881268691,14.765556886775801,22.567320394461643
4282,5.913888888888889,-62.20638756852936,-0.693324551640223,15.61627708656489,24.309771526931243
4283,5.915277777777778,-55.953476267573684,-0.6236324011451437,16.402077665406416,25.6569996503024
4284,5.916666666666667,-67.16755005697387,-0.7486194480706861,17.53519528916955,25.859823641356726
4285,5.918055555555555,-69.87132855503002,-0.7787545529718366,17.338423315942727,27.331455542883617
4286,5.919444444444444,-74.31917971207666,-0.8283283110658033,17.97587700321597,28.371171120648125
4287,5.920833333333333,-77.45156470136602,-0.8632404720697051,18.41928548281288,29.476320573606447
4288,5.9222222222222225,-51.41668502835415,-0.5730673567057445,18.947149062181516,30.470213122598107
4289,5.923611111111111,-35.69377259698878,-0.39782681247793894,20.895842750763997,28.54549783056044
4290,5.925,-27.092843126668548,-0.3019647024634395,21.19304101127432,26.503477666478393
4291,5.926388888888889,-20.37829044681544,-0.2271273037944482,20.864243812662735,24.895054140784005
4292,5.927777777777778,-15.99396791989231,-0.17826160737579064,20.491089601319015,23.52292436367454
4293,5.929166666666667,0.0,0.0,20.04347231001824,22.423017741176153
4294,5.930555555555555,0.0,0.0,20.247019717544006,20.247019717544006
4295,5.9319444444444445,0.0,0.0,19.22632328965713,19.22632328965713
4296,5.933333333333334,0.0,0.0,18.558297715284983,18.558297715284983
4297,5.934722222222222,0.0,0.0,18.066026014314147,18.066026014314147
4298,5.936111111111111,0.0,0.0,17.6744832156478,17.6744832156478
4299,5.9375,0.0,0.0,17.341171276840754,17.341171276840754
4300,5.938888888888889,0.0,0.0,17.058067072698133,17.058067072698133
4301,5.940277777777778,-0.18719769676391276,-0.0020864217365771497,16.813287653654037,16.813287653654037
4302,5.941666666666666,-2.1667498114121666,-0.024149623539205196,16.59394819801002,16.621799036919345
4303,5.9430555555555555,-33.70998524033229,-0.3757164065636236,16.327798651940736,16.650162660674024
4304,5.944444444444445,-42.14404617552812,-0.4697186745776447,14.67802491200969,19.693318287912213
4305,5.945833333333333,-47.34915860364687,-0.5277325278412944,15.380531942346163,21.650625331914576
4306,5.947222222222222,-51.23541667040176,-0.5710470207255295,16.06681676570318,23.111314703225485
4307,5.948611111111111,-47.16365500368625,-0.5256649877493922,16.66577697342991,24.28846336758565
4308,5.95,-58.150719821445136,-0.6481218942884973,17.556394848880633,24.573293991284647
4309,5.951388888888889,-59.38656343944762,-0.6618960540788414,17.345802587938138,25.997331737097223
4310,5.9527777777777775,-60.55803137892495,-0.6749527113715391,18.007303239238762,26.84269833395761
4311,5.954166666666667,-61.65580610745903,-0.6871880171208784,18.5092294110585,27.518912787277788
4312,5.955555555555556,-35.0152868272698,-0.39026471378563893,18.931830013332544,28.104837766142275
4313,5.956944444444445,-26.524473649163635,-0.2956299106750084,20.690749490086873,25.90024260698158
4314,5.958333333333333,-23.088845332084766,-0.2573379352742983,20.44511455283082,24.391364189059974
4315,5.959722222222222,-13.522280683887343,-0.15071328779510232,19.9926345988437,23.427739426854632
4316,5.961111111111111,-5.4939559330802625,-0.061233173680721224,20.002250690233254,22.014064230271646
4317,5.9625,0.0,0.0,19.752577893823766,20.569955908149062
4318,5.963888888888889,0.0,0.0,19.29908649257935,19.29908649257935
4319,5.965277777777778,0.0,0.0,18.601696297922746,18.601696297922746
4320,5.966666666666667,0.0,0.0,18.113251146066766,18.113251146066766
4321,5.968055555555556,0.0,0.0,17.735420377537725,17.735420377537725
4322,5.969444444444444,0.0,0.0,17.421641902646492,17.421641902646492
4323,5.970833333333333,0.0,0.0,17.146682590889874,17.146682590889874
4324,5.972222222222222,0.0,0.0,16.909372029551346,16.909372029551346
4325,5.973611111111111,0.0,0.0,16.70301447580503,16.70301447580503
4326,5.975,-0.854671837261484,-0.009525789738490243,16.525536913666887,16.525536913666887
4327,5.976388888888889,-25.706224893172962,-0.2865100762970287,16.334827383405187,16.461983475982155
4328,5.977777777777778,-39.624924229030945,-0.44164166894605905,14.992966868885903,18.817479354045332
4329,5.979166666666667,-45.619485767484385,-0.5084543686282151,15.154819282177808,21.050123554477732
4330,5.980555555555555,-47.76251822365044,-0.5323396491419715,15.860651706727136,22.64781293360309
4331,5.981944444444444,-44.29893730931723,-0.4937361266041256,16.598533036144207,23.70452965867896
4332,5.983333333333333,-54.617680938176896,-0.60874422431898,17.415996259935312,24.006689351699773
4333,5.9847222222222225,-55.429153306954404,-0.6177885321182602,17.237062615482795,25.362954438439168
4334,5.986111111111111,-46.289501053186896,-0.5159220590971405,17.89218707628936,26.138807875151322
4335,5.9875,-40.634605923793764,-0.4528951291723032,18.876892961379536,25.763737507609683
4336,5.988888888888889,-14.670878316520222,-0.16351504288468882,19.220853927445912,25.266376299202474
4337,5.990277777777778,-3.429698978267343,-0.038225889644347866,20.439479348775055,22.622178579134925
4338,5.991666666666667,-2.0930566004689064,-0.023328271995846764,20.034556197946774,20.544818852896377
4339,5.993055555555555,-0.13044545385358625,-0.0014538866399677873,19.14951787131438,19.46091797513766
4340,5.9944444444444445,0.0,0.0,18.619205588397463,18.638612960307128
4341,5.995833333333334,0.0,0.0,18.121102351912263,18.121102351912263
4342,5.997222222222222,0.0,0.0,17.736306476249602,17.736306476249602
4343,5.998611111111111,0.0,0.0,17.423298059774325,17.423298059774325
4344,6.0,0.0,0.0,17.15638950298337,17.15638950298337
4345,6.001344086021505,0.0,0.0,16.92425384753574,16.92425384753574
4346,6.002688172043011,0.0,0.0,16.716860818026404,16.716860818026404
4347,6.004032258064516,0.0,0.0,16.525282976280238,16.525282976280238
4348,6.005376344086022,0.0,0.0,16.357789726212406,16.357789726212406
4349,6.006720430107527,0.0,0.0,16.215147616159037,16.215147616159037
4350,6.008064516129032,0.0,0.0,16.095350585283995,16.095350585283995
4351,6.009408602150538,0.0,0.0,15.99753601129946,15.99753601129946
4352,6.010752688172043,0.0,0.0,15.912480096195784,15.912480096195784
4353,6.012096774193548,0.0,0.0,15.838926983375144,15.838926983375144
4354,6.013440860215054,0.0,0.0,15.772553078540875,15.772553078540875
4355,6.014784946236559,0.0,0.0,15.710864464153842,15.710864464153842
4356,6.016129032258065,0.0,0.0,15.65352643245971,15.65352643245971
4357,6.01747311827957,-0.25580861729729254,-0.0028511283459108556,15.603981137154463,15.603981137154463
4358,6.018817204301075,-1.6602148672274615,-0.018504011781408203,15.550793189710065,15.588851802156293
4359,6.020161290322581,-2.594509254243732,-0.02891723881961904,15.454482681082247,15.701485596296182
4360,6.021505376344086,-0.2939257953713924,-0.003275965351096248,15.435122200991996,15.821127266961527
4361,6.022849462365591,0.0,0.0,15.591826579086806,15.635556176831313
4362,6.024193548387097,0.0,0.0,15.536160840446787,15.536160840446787
4363,6.025537634408602,0.0,0.0,15.473919535092282,15.473919535092282
4364,6.026881720430108,0.0,0.0,15.423335197495803,15.423335197495803
4365,6.028225806451613,0.0,0.0,15.379502712555023,15.379502712555023
4366,6.029569892473118,0.0,0.0,15.3356218831921,15.3356218831921
4367,6.030913978494624,0.0,0.0,15.290340779489663,15.290340779489663
4368,6.032258064516129,0.0,0.0,15.243364982703655,15.243364982703655
4369,6.033602150537634,0.0,0.0,15.195698170243089,15.195698170243089
4370,6.03494623655914,0.0,0.0,15.147067842338721,15.147067842338721
4371,6.036290322580645,0.0,0.0,15.097825180044383,15.097825180044383
4372,6.037634408602151,0.0,0.0,15.055620103369774,15.055620103369774
4373,6.038978494623656,0.0,0.0,15.018441969707753,15.018441969707753
4374,6.040322580645161,0.0,0.0,14.984306927999654,14.984306927999654
4375,6.041666666666667,0.0,0.0,14.954720012830833,14.954720012830833
4376,6.043010752688172,0.0,0.0,14.928952631881902,14.928952631881902
4377,6.044354838709677,0.0,0.0,14.906044401099109,14.906044401099109
4378,6.045698924731183,0.0,0.0,14.884323550522392,14.884323550522392
4379,6.047043010752688,0.0,0.0,14.863309138166345,14.863309138166345
4380,6.048387096774194,0.0,0.0,14.84305999647165,14.84305999647165
4381,6.049731182795699,0.0,0.0,14.826609855960694,14.826609855960694
4382,6.051075268817204,0.0,0.0,14.816331262041592,14.816331262041592
4383,6.05241935483871,0.0,0.0,14.80939588920313,14.80939588920313
4384,6.053763440860215,0.0,0.0,14.803996111468605,14.803996111468605
4385,6.05510752688172,0.0,0.0,14.798790761207837,14.798790761207837
4386,6.056451612903226,0.0,0.0,14.79435418697561,14.79435418697561
4387,6.057795698924731,0.0,0.0,14.78554637296719,14.78554637296719
4388,6.059139784946237,0.0,0.0,14.77060722205835,14.77060722205835
4389,6.060483870967742,0.0,0.0,14.751323621974382,14.751323621974382
4390,6.061827956989247,0.0,0.0,14.727419239441474,14.727419239441474
4391,6.063172043010753,0.0,0.0,14.69926908939274,14.69926908939274
4392,6.064516129032258,0.0,0.0,14.667427252653637,14.667427252653637
4393,6.065860215053763,0.0,0.0,14.634786923150482,14.634786923150482
4394,6.067204301075269,0.0,0.0,14.604713668291447,14.604713668291447
4395,6.068548387096774,0.0,0.0,14.577343952709548,14.577343952709548
4396,6.06989247311828,0.0,0.0,14.557511083167926,14.557511083167926
4397,6.071236559139785,0.2166936589420915,0.002415170528328701,14.542924489904939,14.542924489904939
4398,6.07258064516129,0.0,0.0,14.540715857869289,14.50847667815609
4399,6.073924731182796,0.0,0.0,14.509353514589074,14.509353514589074
4400,6.075268817204301,-0.13552774426346623,-0.0015105315739925062,14.501025436998725,14.501025436998725
4401,6.076612903225806,-1.500122719316242,-0.016719696359629554,14.48425839961217,14.50442190289494
4402,6.077956989247312,-8.613635196344926,-0.09600372234956123,14.410560581437766,14.633745358398928
4403,6.079301075268817,-10.969276801324298,-0.12225864927001848,14.098434592778476,15.379951248294036
4404,6.080645161290323,-28.099983676226433,-0.31318984022267127,14.274490965204636,15.906474512153846
4405,6.081989247311828,-35.4311875924783,-0.39490015755332836,13.676585014101317,17.857235375992673
4406,6.083333333333333,-31.466154024370276,-0.3507076681917102,14.131848726950663,19.403218594544366
4407,6.084677419354839,-29.51031926496813,-0.3289088094145308,15.114868564238572,19.796329938915733
4408,6.086021505376344,-12.371141906049527,-0.13788321023850345,15.580870327650658,19.971347145578342
4409,6.087365591397849,-2.6605790295721716,-0.02965362296194039,16.661336250436715,18.501886034467077
4410,6.088709677419355,-0.7792845295149309,-0.008685556550456911,16.697098426037336,17.092933199857217
4411,6.09005376344086,-0.005082290409879984,-5.6644934024718986e-05,16.221467220459513,16.33740736433544
4412,6.091397849462366,0.0,0.0,15.875443181384668,15.876199312757771
4413,6.092741935483871,0.0,0.0,15.609755363471319,15.609755363471319
4414,6.094086021505376,0.0,0.0,15.428064860022282,15.428064860022282
4415,6.095430107526882,0.0,0.0,15.29132821749024,15.29132821749024
4416,6.096774193548387,0.0,0.0,15.181367613975041,15.181367613975041
4417,6.098118279569892,0.0,0.0,15.088551969930215,15.088551969930215
4418,6.099462365591398,0.0,0.0,15.00549713308156,15.00549713308156
4419,6.100806451612903,0.0,0.0,14.926887683049287,14.926887683049287
4420,6.102150537634409,0.0,0.0,14.856799900983262,14.856799900983262
4421,6.103494623655914,0.0,0.0,14.795992787102168,14.795992787102168
4422,6.104838709677419,0.0,0.0,14.74549773462602,14.74549773462602
4423,6.106182795698925,0.0,0.0,14.706703116806459,14.706703116806459
4424,6.10752688172043,0.0,0.0,14.674554212081741,14.674554212081741
4425,6.108870967741935,0.0,0.0,14.645822891793946,14.645822891793946
4426,6.110215053763441,0.0,0.0,14.619576822075345,14.619576822075345
4427,6.111559139784946,0.0,0.0,14.59526385262648,14.59526385262648
4428,6.112903225806452,0.0,0.0,14.57262517213908,14.57262517213908
4429,6.114247311827957,0.0,0.0,14.55144934520667,14.55144934520667
4430,6.115591397849462,0.0,0.0,14.531559238637454,14.531559238637454
4431,6.116935483870968,0.0,0.0,14.512806138319668,14.512806138319668
4432,6.118279569892473,0.0,0.0,14.49506729110908,14.49506729110908
4433,6.119623655913978,0.0,0.0,14.47824021513638,14.47824021513638
4434,6.120967741935484,0.0,0.0,14.46223216959337,14.46223216959337
4435,6.122311827956989,0.0,0.0,14.446959957801822,14.446959957801822
4436,6.123655913978495,0.0,0.0,14.432359415511868,14.432359415511868
4437,6.125,0.0,0.0,14.418372608888307,14.418372608888307
4438,6.126344086021505,0.0,0.0,14.404957057937416,14.404957057937416
4439,6.127688172043011,0.0,0.0,14.392076208146266,14.392076208146266
4440,6.129032258064516,0.0,0.0,14.3796775809735,14.3796775809735
4441,6.130376344086022,0.0,0.0,14.367720788215529,14.367720788215529
4442,6.131720430107527,0.0,0.0,14.356173246755857,14.356173246755857
4443,6.133064516129032,0.0,0.0,14.345006208020175,14.345006208020175
4444,6.134408602150538,0.0,0.0,14.33419840711923,14.33419840711923
4445,6.135752688172043,0.6833813386681549,0.0076166625125020935,14.323720074880509,14.323720074880509
4446,6.137096774193548,0.0,0.0,14.347822565821625,14.246150676124767
4447,6.138440860215054,-1.8635064836226607,-0.02076980914239696,14.277526616075521,14.277526616075521
4448,6.139784946236559,-3.213701635847443,-0.0358184799482973,14.185310592496425,14.462558762634515
4449,6.141129032258065,-12.199191080515254,-0.13596672330400048,14.1844108080066,14.662537879599288
4450,6.14247311827957,-24.870188120747702,-0.27719198464996236,13.820660427087141,15.63562776632749
4451,6.143817204301075,-22.260431995274327,-0.24810481102826915,13.580044622953519,17.28017349723736
4452,6.145161290322581,-35.409164334035495,-0.3946546961725546,14.430751500345849,17.742606914540847
4453,6.146505376344086,-36.74495966343228,-0.4095428729987183,14.116849476829078,19.384942775139333
4454,6.147849462365591,-39.56986608292391,-0.44102801549412457,14.809116499143776,20.275946326684835
4455,6.149193548387097,-45.1968086150627,-0.503743398281826,15.216310958852429,21.103423807943727
4456,6.150537634408602,-25.720624716000952,-0.28667057027676535,15.445068030119927,22.169344331132738
4457,6.151881720430108,-13.138567757941404,-0.146436595276236,17.019858197420604,20.846513054803825
4458,6.153225806451613,-6.838221746493518,-0.0762157587302594,17.345748581841566,19.300474203210616
4459,6.154569892473118,-4.425827898603819,-0.049328296713192776,17.100937318533898,18.11831208104517
4460,6.155913978494624,-1.2231378919777829,-0.013632547455282371,16.704476508019404,17.36294091209737
4461,6.157258064516129,0.0,0.0,16.481363169198584,16.663338786325586
4462,6.158602150537634,0.0,0.0,16.175284625848366,16.175284625848366
4463,6.15994623655914,0.0,0.0,15.877757806632625,15.877757806632625
4464,6.161290322580645,0.0,0.0,15.653766984726772,15.653766984726772
4465,6.162634408602151,0.0,0.0,15.47260683426219,15.47260683426219
4466,6.163978494623656,0.0,0.0,15.321474218974032,15.321474218974032
4467,6.165322580645161,0.0,0.0,15.189575286252126,15.189575286252126
4468,6.166666666666667,0.0,0.0,15.07833394005463,15.07833394005463
4469,6.168010752688172,0.0,0.0,14.982201461913398,14.982201461913398
4470,6.169354838709677,-0.4650295725040185,-0.005183011463261787,14.900674326700091,14.900674326700091
4471,6.170698924731183,-19.126352909181673,-0.21317376837969246,14.813028789357906,14.882214809996912
4472,6.172043010752688,-36.29348286535461,-0.4045109146928557,13.842144970691903,16.68771937147284
4473,6.173387096774194,-36.196072299165245,-0.40342522012404863,13.66012028172607,19.0597804389564
4474,6.174731182795699,-40.24581070743795,-0.4485617917194122,14.706579036155148,20.091746675400987
4475,6.176075268817204,-36.19353115396031,-0.4033968976570363,15.13832610107556,21.126004422789673
4476,6.17741935483871,-47.53635630041078,-0.5298189495778716,15.940315815259178,21.325105388818464
4477,6.178763440860215,-51.9494784729899,-0.5790056339560026,15.648157473079113,22.720506249510745
4478,6.18010752688172,-56.73445489389191,-0.6323368393402755,16.112434023709373,23.841356875786207
4479,6.181451612903226,-61.93279093479748,-0.6902751660252255,16.517541131363302,24.958361671217443
4480,6.182795698924731,-39.97306112210772,-0.4455218469267523,16.9096796081691,26.12389652081299
4481,6.184139784946237,-28.996160885168603,-0.32317823025569675,18.689691202752478,24.63679047411002
4482,6.185483870967742,-24.380594144595932,-0.27173518933891444,18.903831916450883,23.217813443799557
4483,6.186827956989247,-17.79394577339147,-0.19832335484287864,18.632017335413988,22.259305554088822
4484,6.188172043010753,-7.7623515526900295,-0.08651569590042081,18.552958168857835,21.20030012799004
4485,6.189516129032258,0.0,0.0,18.585399857563395,19.740264508084056
4486,6.190860215053763,0.0,0.0,18.305091997754275,18.305091997754275
4487,6.192204301075269,0.0,0.0,17.58743724171564,17.58743724171564
4488,6.193548387096774,0.0,0.0,17.11781141351247,17.11781141351247
4489,6.19489247311828,0.0,0.0,16.775081395310156,16.775081395310156
4490,6.196236559139785,0.0,0.0,16.504908931588318,16.504908931588318
4491,6.19758064516129,0.0,0.0,16.277891567745364,16.277891567745364
4492,6.198924731182796,0.0,0.0,16.083200236293692,16.083200236293692
4493,6.200268817204301,-0.38964226475746544,-0.004342778275228456,15.912403522253067,15.912403522253067
4494,6.201612903225806,-5.31946396234105,-0.05928836427920588,15.746196225717489,15.804166297655453
4495,6.202956989247312,-34.15383860279514,-0.38066339746844907,15.392365253558962,16.18378275740769
4496,6.204301075268817,-46.31660660203959,-0.516224165411939,14.039144366615393,19.12047321576899
4497,6.205645161290323,-50.63062411162605,-0.564306273576588,14.557193524289206,21.448070771175907
4498,6.206989247311828,-53.47585969275719,-0.5960179958080931,15.452271031565841,22.98497779232222
4499,6.208333333333333,-48.099643487505816,-0.536097096432278,16.178623251307947,24.13463755910698
4500,6.209677419354839,-59.589008007441166,-0.6641524106174926,17.156282941066987,24.312436278017632
4501,6.211021505376344,-63.84288508051071,-0.7115642203961825,16.897078156057184,25.762592483804667
4502,6.212365591397849,-69.12507891317931,-0.7704371884925404,17.4210680555339,26.919464342569334
4503,6.213709677419355,-73.92191401170437,-0.8239005653895377,17.84523213909752,28.129500966578917
4504,6.21505376344086,-46.40724078101578,-0.5172343334020465,18.321871817473426,29.319802639269373
4505,6.216397849462366,-31.836314175889864,-0.35483330755317716,20.420287432409957,27.324649022117008
4506,6.217741935483871,-26.535485278385043,-0.29575264136539525,20.64287700244045,25.379409945458676
4507,6.219086021505376,-19.848885195786277,-0.22122678983354,20.184142452603563,24.132030373474443
4508,6.220430107526882,-15.091861372138613,-0.16820713158640305,19.95636830620115,22.909439383858356
4509,6.221774193548387,0.0,0.0,19.618070671599646,21.86340278403162
4510,6.223118279569892,0.0,0.0,19.824113045669748,19.824113045669748
4511,6.224462365591398,0.0,0.0,18.87425908564913,18.87425908564913
4512,6.225806451612903,0.0,0.0,18.256069427399737,18.256069427399737
4513,6.227150537634409,0.0,0.0,17.80340042292572,17.80340042292572
4514,6.228494623655914,0.0,0.0,17.446083699636688,17.446083699636688
4515,6.229838709677419,0.0,0.0,17.14251732296006,17.14251732296006
4516,6.231182795698925,0.0,0.0,16.884753027805058,16.884753027805058
4517,6.23252688172043,-0.20329161639519935,-0.0022657973609887592,16.66244062916458,16.66244062916458
4518,6.233870967741935,-3.0985030532234967,-0.034534528110403674,16.463323152776542,16.493568407700696
4519,6.235215053763441,-10.01465325266851,-0.11161884249570878,16.169817352640827,16.63080544644316
4520,6.236559139784946,-13.241060614540652,-0.14757893477906786,15.80469626539461,17.294653136095807
4521,6.237903225806452,-18.419067493806708,-0.20529068172791906,15.858374304879378,17.82834857560602
4522,6.239247311827957,-21.1889157671913,-0.2361621707713909,15.820162390195785,18.560508508219765
4523,6.240591397849462,-14.144014210695994,-0.15764285139079293,16.002197822555267,19.154635538920864
4524,6.241935483870968,-14.93261627262904,-0.16643225698696185,16.655864929938918,18.76017854128702
4525,6.243279569892473,-16.353963490592143,-0.18227395686920825,16.543476529964323,18.76511652603904
4526,6.244623655913978,-18.418220445405062,-0.2052812409055816,16.492090246280107,18.925194983032878
4527,6.245967741935484,-18.188670328558818,-0.20272277805213182,16.472085740468415,19.21230583659688
4528,6.247311827956989,-11.978111447685476,-0.1335026686739252,16.62557442513484,19.331642587578113
4529,6.248655913978495,0.0,0.0,17.024653553543008,18.806729178053338
4530,6.25,0.0,0.0,17.457125519629578,17.457125519629578
4531,6.251344086021505,0.0,0.0,16.915424201167056,16.915424201167056
4532,6.252688172043011,0.0,0.0,16.595861912632554,16.595861912632554
4533,6.254032258064516,0.0,0.0,16.378272857328604,16.378272857328604
4534,6.255376344086022,0.0,0.0,16.21041809794336,16.21041809794336
4535,6.256720430107527,0.0,0.0,16.067304398182703,16.067304398182703
4536,6.258064516129032,0.0,0.0,15.93882488685325,15.93882488685325
4537,6.259408602150538,0.0,0.0,15.82362464291353,15.82362464291353
4538,6.260752688172043,0.0,0.0,15.718774356387788,15.718774356387788
4539,6.262096774193548,0.0,0.0,15.618885284055835,15.618885284055835
4540,6.263440860215054,0.0,0.0,15.530084929565827,15.530084929565827
4541,6.264784946236559,0.0,0.0,15.451891906878092,15.451891906878092
4542,6.266129032258064,0.0,0.0,15.382743227653243,15.382743227653243
4543,6.26747311827957,0.0,0.0,15.32468430770741,15.32468430770741
4544,6.268817204301075,0.0,0.0,15.276824727478601,15.276824727478601
4545,6.270161290322581,0.0,0.0,15.234679579552669,15.234679579552669
4546,6.271505376344086,0.0,0.0,15.195717013278264,15.195717013278264
4547,6.272849462365591,0.0,0.0,15.159084701995184,15.159084701995184
4548,6.274193548387097,0.0,0.0,15.125161456343973,15.125161456343973
4549,6.275537634408602,0.0,0.0,15.097374607663603,15.097374607663603
4550,6.276881720430108,0.0,0.0,15.077211100692768,15.077211100692768
4551,6.278225806451613,0.0,0.0,15.060816751556459,15.060816751556459
4552,6.279569892473118,0.0,0.0,15.04660437395885,15.04660437395885
4553,6.280913978494624,0.0,0.0,15.033112199816687,15.033112199816687
4554,6.282258064516129,0.0,0.0,15.019839966796983,15.019839966796983
4555,6.283602150537634,0.0,0.0,15.002100008403964,15.002100008403964
4556,6.28494623655914,0.0,0.0,14.981249540227124,14.981249540227124
4557,6.286290322580645,0.0,0.0,14.960661625870216,14.960661625870216
4558,6.287634408602151,0.0,0.0,14.937234002454643,14.937234002454643
4559,6.288978494623656,0.0,0.0,14.909636145520937,14.909636145520937
4560,6.290322580645161,0.0,0.0,14.877459603947639,14.877459603947639
4561,6.291666666666667,0.0,0.0,14.842578842834833,14.842578842834833
4562,6.293010752688172,0.0,0.0,14.805314907884444,14.805314907884444
4563,6.294354838709677,0.0,0.0,14.764756931647163,14.764756931647163
4564,6.295698924731183,0.0,0.0,14.729349284105906,14.729349284105906
4565,6.297043010752688,0.0,0.0,14.700600455321633,14.700600455321633
4566,6.298387096774194,0.0,0.0,14.675027388516165,14.675027388516165
4567,6.299731182795699,-0.05929338811526648,-0.0006608575636217215,14.652187679396382,14.652187679396382
4568,6.301075268817204,-11.0073939793984,-0.12268348627520388,14.628663828200175,14.637485360886387
4569,6.30241935483871,-27.672224233394864,-0.3084222249422574,14.06601888904015,15.703673421287638
4570,6.303763440860215,-35.445587415306306,-0.3950606515330652,13.636135621948771,17.753144926603884
4571,6.30510752688172,-31.173922325802174,-0.3474505844852888,14.115835604104149,19.389347843921648
4572,6.306451612903226,-42.8098262192224,-0.47713916093488296,15.154731917828745,19.79271573855243
4573,6.307795698924731,-47.080644260324874,-0.5247397871603218,14.949161342959606,21.31830794240463
4574,6.309139784946237,-49.875903985758875,-0.5558945008739172,15.48484179370898,22.489390790352296
4575,6.310483870967742,-53.40809582062546,-0.595262730021097,16.024556056971008,23.44497730882146
4576,6.311827956989247,-30.14729966300642,-0.3360083078122956,16.449642192302065,24.395574748459715
4577,6.313172043010753,-17.968437744130686,-0.200268164244394,18.204774165856897,22.6900194492136
4578,6.314516129032258,-13.656114331347519,-0.15220493772441993,18.373604565960992,21.046907035569763
4579,6.315860215053763,-7.44724954727747,-0.08300370999088823,17.97033309995929,20.002058099489417
4580,6.317204301075269,-4.3927930109396,-0.04896010464203211,17.803537082872946,18.911521588261166
4581,6.318548387096774,0.0,0.0,17.448057523787647,18.101607073940436
4582,6.31989247311828,0.0,0.0,17.23455060063523,17.23455060063523
4583,6.321236559139785,0.0,0.0,16.770248689332607,16.770248689332607
4584,6.32258064516129,0.0,0.0,16.445890614654374,16.445890614654374
4585,6.323924731182796,0.0,0.0,16.198501279440812,16.198501279440812
4586,6.325268817204301,0.0,0.0,15.997720979226463,15.997720979226463
4587,6.326612903225806,0.0,0.0,15.824828608322402,15.824828608322402
4588,6.327956989247312,0.0,0.0,15.675805005103602,15.675805005103602
4589,6.329301075268817,0.0,0.0,15.547354966264205,15.547354966264205
4590,6.330645161290323,0.0,0.0,15.438686594787471,15.438686594787471
4591,6.331989247311828,-12.702337831093374,-0.14157457177244764,15.351006836661432,15.351006836661432
4592,6.333333333333333,-24.318759611275723,-0.2710460093082804,14.639700622463373,16.529524967641006
4593,6.334677419354839,-31.35349658695127,-0.3494520388208289,14.478553986807148,18.096642607109217
4594,6.336021505376344,-41.20297540129867,-0.45922992096073423,14.798214535348446,19.462914997921803
4595,6.337365591397849,-38.24931762475676,-0.4263097734700351,14.97735311787586,21.107436181524537
4596,6.338709677419355,-46.369123602941684,-0.5168094963968611,15.936859943406201,21.62750465738601
4597,6.34005376344086,-48.97210334120188,-0.5458211434398547,15.953452509268953,22.852143113677727
4598,6.341397849462366,-55.41898872613464,-0.6176752422502108,16.46726881753201,23.75322470686549
4599,6.342741935483871,-60.485185216383336,-0.6741408006505181,16.699917453778557,24.945025989894308
4600,6.344086021505376,-36.982980264294994,-0.4121957440755426,17.10990037121885,26.10874586442365
4601,6.345430107526882,-24.843929620296656,-0.2768993191575013,18.96338165721264,24.465623637394064
4602,6.346774193548387,-20.072505973820995,-0.22371916693062763,19.170722043687245,22.86694423921005
4603,6.348118279569892,-10.240815175908168,-0.11413954205980875,18.82022340585053,21.806564263924308
4604,6.349462365591398,-2.3675002826024256,-0.026387098433181592,18.840862362443318,20.36446707924764
4605,6.350806451612903,0.0,0.0,18.5960132189921,18.94824441696299
4606,6.352150537634409,0.0,0.0,18.021885630571226,18.021885630571226
4607,6.353494623655914,0.0,0.0,17.481370680784796,17.481370680784796
4608,6.354838709677419,0.0,0.0,17.100598249702028,17.100598249702028
4609,6.356182795698925,0.0,0.0,16.807567658730424,16.807567658730424
4610,6.35752688172043,0.0,0.0,16.569150361256185,16.569150361256185
4611,6.358870967741936,0.0,0.0,16.366210097694164,16.366210097694164
4612,6.360215053763441,0.0,0.0,16.189857585653982,16.189857585653982
4613,6.361559139784946,0.0,0.0,16.032884288029507,16.032884288029507
4614,6.362903225806452,0.0,0.0,15.89751272866051,15.89751272866051
4615,6.364247311827957,-5.4854854490637965,-0.0611387654573467,15.785816487875184,15.785816487875184
4616,6.365591397849462,-11.290308145548385,-0.12583672093591325,15.414717619183271,16.230835414553393
4617,6.366935483870968,-16.40055115268271,-0.18279320209776817,15.250014652445817,16.92976049779609
4618,6.368279569892473,-21.321902366249827,-0.23764437987837106,15.267069940126953,17.707105881133177
4619,6.369623655913978,-18.028578180647596,-0.20093846263035314,15.366567259700064,18.53879041366188
4620,6.370967741935484,-32.9442534852437,-0.36718190317056587,15.928192430520868,18.610442454711368
4621,6.372311827956989,-40.43300840420186,-0.4506482134559893,15.306460059860036,20.207829642214907
4622,6.373655913978495,-44.97149374022468,-0.5012321395400634,15.610351046638392,21.625880207261833
4623,6.375,-45.958305128143046,-0.5122306975631963,16.098708146959066,22.789462623764273
4624,6.376344086021505,-21.141481056699085,-0.2356334847204935,16.704547508827932,23.54211749391081
4625,6.377688172043011,-7.0144078140360255,-0.07817944977644967,18.448452752747283,21.59383324296391
4626,6.379032258064516,-2.0363043575585804,-0.022695736899237408,18.59075891939075,19.634346236169623
4627,6.380376344086022,-0.13044545385358625,-0.0014538866399677873,18.061550715413116,18.36450735223674
4628,6.381720430107527,0.0,0.0,17.54215722683236,17.561564598742024
4629,6.383064516129032,0.0,0.0,17.09827665791794,17.09827665791794
4630,6.384408602150538,0.0,0.0,16.781138892379595,16.781138892379595
4631,6.385752688172043,0.0,0.0,16.536477971803034,16.536477971803034
4632,6.387096774193548,0.0,0.0,16.33318634263918,16.33318634263918
4633,6.388440860215054,0.0,0.0,16.159110406733262,16.159110406733262
4634,6.389784946236559,0.0,0.0,16.004715512445134,16.004715512445134
4635,6.391129032258064,0.0,0.0,15.861030972140078,15.861030972140078
4636,6.39247311827957,0.0,0.0,15.734268446250653,15.734268446250653
4637,6.393817204301075,0.0,0.0,15.623209373712335,15.623209373712335
4638,6.395161290322581,0.0,0.0,15.529484515705995,15.529484515705995
4639,6.396505376344086,-6.31220468907094,-0.07035300805870098,15.455963183806055,15.455963183806055
4640,6.397849462365591,-23.058351589625488,-0.25699806567015004,15.078413772875486,16.017528938270505
4641,6.399193548387097,-33.44740023582182,-0.37278975163901307,14.427138597653908,17.857706637426215
4642,6.400537634408602,-39.15057712410881,-0.43635480843708524,14.640058023273667,19.616284611565824
4643,6.401881720430108,-33.91751209873572,-0.37802940803629964,15.177979784720218,21.002711795530445
4644,6.403225806451613,-45.60085070264815,-0.5082466705367911,16.176634074314634,21.222802814618902
4645,6.404569892473118,-50.68822340293802,-0.5649482494955348,15.888290556519465,22.672679301694036
4646,6.405913978494624,-55.81201918449869,-0.622055783814789,16.34175346289326,23.883029712544815
4647,6.407258064516129,-59.10703746690422,-0.6587805827074819,16.770286719381104,25.073869415016887
4648,6.408602150537634,-33.81840743574306,-0.3769248318228176,17.29727863775987,26.091086506958003
4649,6.40994623655914,-19.687098951071764,-0.21942359276708645,19.19804088288201,24.229465061410753
4650,6.411290322580645,-16.242153101574782,-0.18102776832066442,19.42021417031271,22.34921506592611
4651,6.412634408602151,-12.806524784495913,-0.1427357929199544,18.879404131184135,21.295873977728622
4652,6.413978494623656,-5.9420445375513475,-0.06622736869723395,18.55268220878571,20.458007247111972
4653,6.415322580645161,0.0,0.0,18.477869162677948,19.3619127597319
4654,6.416666666666667,0.0,0.0,18.23943605677326,18.23943605677326
4655,6.418010752688172,0.0,0.0,17.651863352869107,17.651863352869107
4656,6.419354838709677,0.0,0.0,17.24722259478758,17.24722259478758
4657,6.420698924731183,0.0,0.0,16.939416928198412,16.939416928198412
4658,6.422043010752688,0.0,0.0,16.68617992424956,16.68617992424956
4659,6.423387096774194,0.0,0.0,16.46447256815296,16.46447256815296
4660,6.424731182795699,0.0,0.0,16.274639494263305,16.274639494263305
4661,6.426075268817204,0.0,0.0,16.11007486616993,16.11007486616993
4662,6.42741935483871,0.0,0.0,15.970159222813969,15.970159222813969
4663,6.428763440860215,-19.549877110005006,-0.21789417954841905,15.857600061824275,15.857600061824275
4664,6.43010752688172,-32.34200207167293,-0.36046947848863675,14.783093736662192,17.691679085201788
4665,6.431451612903226,-40.02811926821476,-0.4461355003786868,14.807093793935096,19.618861808577158
4666,6.432795698924731,-45.23407874473515,-0.5041587944646739,15.276072951751882,21.231363646318048
4667,6.434139784946237,-42.89707220459201,-0.4781115656356406,15.830057185808371,22.559878450223945
4668,6.435483870967742,-54.06032308989339,-0.6025321632209358,16.679120785247484,23.06124763993079
4669,6.436827956989247,-56.237237482125316,-0.6267950766281905,16.538917223282237,24.581886638988216
4670,6.438172043010753,-60.55379613691671,-0.6749055072598518,17.197225096657597,25.564070783843075
4671,6.439516129032258,-65.94864740700433,-0.7350341047270912,17.60070072878871,26.60975399553041
4672,6.440860215053763,-44.50053482890914,-0.49598304232043944,17.96326044442076,27.774947163712238
4673,6.442204301075269,-33.98781711607239,-0.37881299629030823,19.720673845720157,26.34136014861774
4674,6.443548387096774,-31.261168311171783,-0.34842298918604653,19.938207380744682,24.994835938376884
4675,6.44489247311828,-22.575534000686886,-0.2516167969378017,19.61033298004066,24.261297056002633
4676,6.446236559139785,-13.502798570649473,-0.1504961488813409,19.736262942761364,23.094998502088803
4677,6.44758064516129,0.0,0.0,19.7035822258229,21.712497262264392
4678,6.448924731182796,0.0,0.0,19.743707417417497,19.743707417417497
4679,6.450268817204301,0.0,0.0,18.823848575694864,18.823848575694864
4680,6.451612903225806,0.0,0.0,18.230354201789545,18.230354201789545
4681,6.452956989247312,0.0,0.0,17.79721058838065,17.79721058838065
4682,6.454301075268817,0.0,0.0,17.45497270662038,17.45497270662038
4683,6.455645161290323,0.0,0.0,17.16683873434398,17.16683873434398
4684,6.456989247311828,0.0,0.0,16.925534503968624,16.925534503968624
4685,6.458333333333333,-0.03134079086092657,-0.00034931042648576714,16.71909014513362,16.71909014513362
4686,6.459677419354839,-0.03134079086092657,-0.00034931042648576714,16.541389085793767,16.546051895927906
4687,6.461021505376344,-1.2663373604617627,-0.01411402939449248,16.395354908072736,16.400017718206875
4688,6.462365591397849,-3.754118516098015,-0.04184172459959243,16.206079215709906,16.39448194950829
4689,6.463709677419355,-7.415908756416543,-0.08265439956440244,16.016187735097486,16.57471677603022
4690,6.46505376344086,-13.341859374336604,-0.1487023926372248,15.857638751361199,16.960960446615278
4691,6.466397849462366,-8.9253490081509,-0.099477944969744,15.691247958148523,17.676218834441727
4692,6.467741935483871,-10.167121964964908,-0.11331819051645033,16.200272542463185,17.528165255529117
4693,6.469086021505376,-10.759208797715926,-0.1199173253303301,16.130593275066435,17.64323408696075
4694,6.470430107526882,-12.908170592693514,-0.1438686916004488,16.15567609476893,17.756406211629844
4695,6.471774193548387,-16.18455381026281,-0.18038579240171762,16.109957345133754,18.030405010922095
4696,6.473118279569892,-15.729688818578552,-0.17531607080650527,16.07361865977496,18.48151901742427
4697,6.474462365591398,-2.13032673014136,-0.023743668178694707,16.30417179773674,18.64439839749325
4698,6.475806451612903,-4.633354757007251,-0.0516412981858688,17.102779584952845,17.41972465217889
4699,6.477150537634409,-0.03811717807409988,-0.0004248370051853924,16.54532498476179,17.234664753241496
4700,6.478494623655914,0.0,0.0,16.63491369153007,16.64058467682835
4701,6.479838709677419,0.0,0.0,16.3639009561366,16.3639009561366
4702,6.481182795698925,0.0,0.0,16.18363772013472,16.18363772013472
4703,6.48252688172043,0.0,0.0,16.04319774962756,16.04319774962756
4704,6.483870967741936,0.0,0.0,15.923235535890047,15.923235535890047
4705,6.485215053763441,0.0,0.0,15.816608653314402,15.816608653314402
4706,6.486559139784946,0.0,0.0,15.720418989109348,15.720418989109348
4707,6.487903225806452,0.0,0.0,15.630206303396154,15.630206303396154
4708,6.489247311827957,0.0,0.0,15.552148594826264,15.552148594826264
4709,6.490591397849462,0.0,0.0,15.484421057876618,15.484421057876618
4710,6.491935483870968,0.0,0.0,15.422911334317746,15.422911334317746
4711,6.493279569892473,0.0,0.0,15.369957887932916,15.369957887932916
4712,6.494623655913978,0.0,0.0,15.325825833846281,15.325825833846281
4713,6.495967741935484,0.0,0.0,15.286765036898194,15.286765036898194
4714,6.497311827956989,0.0,0.0,15.251841701887917,15.251841701887917
4715,6.498655913978495,0.0,0.0,15.218919069980652,15.218919069980652
4716,6.5,0.0,0.0,15.187766917989482,15.187766917989482
4717,6.501344086021505,0.0,0.0,15.160592279326169,15.160592279326169
4718,6.502688172043011,0.0,0.0,15.139460550035224,15.139460550035224
4719,6.504032258064516,0.0,0.0,15.122474166973792,15.122474166973792
4720,6.505376344086022,0.0,0.0,15.108354596415477,15.108354596415477
4721,6.506720430107527,0.0,0.0,15.095656497038224,15.095656497038224
4722,6.508064516129032,0.0,0.0,15.084757351958276,15.084757351958276
4723,6.509408602150538,0.0,0.0,15.07166332504279,15.07166332504279
4724,6.510752688172043,0.0,0.0,15.05538978472444,15.05538978472444
4725,6.512096774193548,0.0,0.0,15.038226958566266,15.038226958566266
4726,6.513440860215054,0.0,0.0,15.018061585140122,15.018061585140122
4727,6.514784946236559,0.0,0.0,14.994103431211787,14.994103431211787
4728,6.516129032258064,0.0,0.0,14.96623763094458,14.96623763094458
4729,6.51747311827957,0.0,0.0,14.936241345990327,14.936241345990327
4730,6.518817204301075,0.0,0.0,14.903270146173226,14.903270146173226
4731,6.520161290322581,0.0,0.0,14.866307975424736,14.866307975424736
4732,6.521505376344086,0.0,0.0,14.833061895106445,14.833061895106445
4733,6.522849462365591,0.0,0.0,14.804890362502674,14.804890362502674
4734,6.524193548387097,0.0,0.0,14.778875112778543,14.778875112778543
4735,6.525537634408602,0.0,0.0,14.755868255551738,14.755868255551738
4736,6.526881720430108,-8.426437499581013,-0.09391730061298408,14.736359186650855,14.736359186650855
4737,6.528225806451613,-25.890034396330286,-0.288558734744256,14.298826555442906,15.55249237204914
4738,6.529569892473118,-32.538517300854956,-0.3626597492709259,13.731831207578796,17.583690444065482
4739,6.530913978494624,-27.80521083245339,-0.30990443404923756,14.241842229187176,19.082847323589256
4740,6.532258064516129,-38.15953049418221,-0.42530904630226507,15.239880882854287,19.37667562510562
4741,6.533602150537634,-43.18676275795516,-0.4813403268750495,15.037757644510279,20.71504403756525
4742,6.53494623655914,-44.806319301903585,-0.49939117918426,15.442239210406271,21.867465553356496
4743,6.536290322580645,-47.53466220360749,-0.5298000679331967,16.00631461691214,22.67249482409147
4744,6.53763440860215,-21.044917538911367,-0.23455723097402387,16.395115052526325,23.46721178516692
4745,6.538978494623656,-7.448096595679117,-0.08301315081322569,18.227729352796096,21.35874334692375
4746,6.540322580645161,-2.0066576635009468,-0.022365308117426545,18.284634687439606,19.392745214723345
4747,6.541666666666667,-0.3506780382817189,-0.00390850044770561,17.766339757793528,18.064885628274045
4748,6.543010752688172,0.0,0.0,17.209968203884376,17.262141268628543
4749,6.544354838709677,0.0,0.0,16.778239117571527,16.778239117571527
4750,6.545698924731183,0.0,0.0,16.460063452354927,16.460063452354927
4751,6.547043010752688,0.0,0.0,16.21918223496059,16.21918223496059
4752,6.548387096774194,0.0,0.0,16.021375895646045,16.021375895646045
4753,6.549731182795699,0.0,0.0,15.857255304360217,15.857255304360217
4754,6.551075268817204,0.0,0.0,15.716231913403224,15.716231913403224
4755,6.55241935483871,0.0,0.0,15.589371176248008,15.589371176248008
4756,6.553763440860215,0.0,0.0,15.475836337951034,15.475836337951034
4757,6.55510752688172,0.0,0.0,15.377023516702394,15.377023516702394
4758,6.556451612903226,-1.5882157530874952,-0.017701541882724686,15.293675677414527,15.293675677414527
4759,6.557795698924731,-17.28825787760841,-0.19268718390741904,15.150165495608297,15.38645654970326
4760,6.559139784946236,-34.84587714694047,-0.3883765493181483,14.371097161594554,16.94320404910292
4761,6.560483870967742,-42.4413601645061,-0.4730324032180908,14.08087179051659,19.26516052830783
4762,6.561827956989247,-45.62287396109097,-0.5084921319175648,14.705737094470653,21.020064169365643
4763,6.563172043010753,-39.720640698417014,-0.44270848187019124,15.448905245518766,22.236570559976787
4764,6.564516129032258,-51.35993278544383,-0.5724348216091353,16.462155260911146,22.371700007404527
4765,6.565860215053764,-55.164027157239,-0.6148335547266374,16.164738405144213,23.805950017940997
4766,6.567204301075269,-60.36913958535774,-0.6728474079902871,16.68858646446497,24.89576241003001
4767,6.568548387096774,-65.56747562626333,-0.7307857346752372,17.075916037959995,26.057496531478925
4768,6.56989247311828,-41.71289853908996,-0.464913296007881,17.49420770755673,27.249184573865413
4769,6.571236559139785,-27.499426359458948,-0.306496297185417,19.38999158872525,25.59593983347535
4770,6.57258064516129,-22.875389134869806,-0.25495884804526014,19.71168911126044,23.802989949230025
4771,6.573924731182796,-14.083873774179082,-0.15697255300483376,19.289493866582678,22.692841176923245
4772,6.575268817204301,-7.415061708014896,-0.082644958742065,19.232942370578296,21.328308427344666
4773,6.576612903225806,0.0,0.0,18.95392759886973,20.057123272228292
4774,6.577956989247312,0.0,0.0,18.693230158455908,18.693230158455908
4775,6.579301075268817,0.0,0.0,17.994949638307414,17.994949638307414
4776,6.580645161290323,0.0,0.0,17.52761194988703,17.52761194988703
4777,6.581989247311828,0.0,0.0,17.181347207298472,17.181347207298472
4778,6.583333333333333,0.0,0.0,16.90624651588961,16.90624651588961
4779,6.584677419354839,0.0,0.0,16.673675835771977,16.673675835771977
4780,6.586021505376344,0.0,0.0,16.473301432232223,16.473301432232223
4781,6.58736559139785,-1.704261384113088,-0.01899493454295577,16.29670597673755,16.29670597673755
4782,6.588709677419355,-7.025419443257431,-0.07830218046683654,16.059303391672618,16.31285944545345
4783,6.59005376344086,-38.41279796627457,-0.42813185218116356,15.732262096211144,16.77748769763174
4784,6.591397849462366,-49.094078311039,-0.547180621856448,14.292532966964096,20.007499906778744
4785,6.592741935483871,-52.8371851979156,-0.5888996157656534,15.009011820075152,22.313114862363122
4786,6.594086021505376,-55.22247349695261,-0.6154849714679216,15.951690766512222,23.8126845650912
4787,6.595430107526882,-49.42950947809108,-0.5509191875020794,16.698374630189974,24.914246086545706
4788,6.596774193548387,-60.71219418802465,-0.6766709410369556,17.683709741597234,25.03771745451006
4789,6.598118279569892,-64.16645756993974,-0.7151706145290896,17.415349891518986,26.447969252722427
4790,6.599462365591398,-68.9632926684648,-0.7686339914260869,17.96277622419889,27.50931287532194
4791,6.600806451612903,-73.12314736895156,-0.8149978699253193,18.37381052255249,28.634009167990083
4792,6.602150537634409,-50.49933160937081,-0.5628429461142828,18.843174243907907,29.722266418231026
4793,6.603494623655914,-39.14549483369893,-0.43629816350306055,20.646529341700187,28.15970270865138
4794,6.604838709677419,-35.46676362534747,-0.39529667209150143,20.862239641935236,26.68621552137236
4795,6.606182795698925,-25.112443963618645,-0.27989205983847393,20.53104318538714,25.807705972592572
4796,6.60752688172043,-14.722548269020665,-0.16409093304727343,20.675568099725197,24.411739236126987
4797,6.608870967741936,0.0,0.0,20.59949417704243,22.789880743028856
4798,6.610215053763441,0.0,0.0,20.576875894518796,20.576875894518796
4799,6.611559139784946,0.0,0.0,19.52886201024278,19.52886201024278
4800,6.612903225806452,0.0,0.0,18.85049551328015,18.85049551328015
4801,6.614247311827957,0.0,0.0,18.35572203549401,18.35572203549401
4802,6.615591397849462,0.0,0.0,17.966080066542325,17.966080066542325
4803,6.616935483870968,0.0,0.0,17.63796466987419,17.63796466987419
4804,6.618279569892473,0.0,0.0,17.362400133519262,17.362400133519262
4805,6.619623655913978,-1.8940002260819406,-0.021109678746545273,17.12637975473804,17.12637975473804
4806,6.620967741935484,-7.963949072281935,-0.08876261161673465,16.82997066486588,17.11175562324259
4807,6.622311827956989,-40.45164346903809,-0.45085591154741333,16.428845542885632,17.613703404539415
4808,6.623655913978495,-47.44995736344282,-0.5288559856994514,14.926977256022926,20.94527889834775
4809,6.625,-51.853762003603826,-0.5779388210318703,15.854111445513544,22.91360598860241
4810,6.626344086021505,-59.15108398378984,-0.6592715054690294,16.629727142110106,24.344409519993484
4811,6.627688172043011,-55.36308353162596,-0.6170521479759389,17.07411802043325,25.874479028198284
4812,6.629032258064516,-68.9726102008829,-0.7687378404717987,18.105020879424274,26.34181197043588
4813,6.630376344086022,-72.48362582570833,-0.8078700490605422,17.87466418983361,28.13624907612189
4814,6.631720430107527,-71.62217760123367,-0.7982687327433523,18.60369869076652,29.38764433397407
4815,6.633064516129032,-77.5693044291949,-0.864552746374611,19.418348018416967,30.074129393883407
4816,6.634408602150538,-57.969451463492746,-0.6461015583082822,19.666512376815078,31.207093480708576
4817,6.635752688172043,-44.843589431576035,-0.49980657536710793,21.32560829536738,29.950168758885763
4818,6.637096774193548,-37.51238551532416,-0.41809625803645084,21.75350515561578,28.425230326197873
4819,6.638440860215054,-25.07940907595443,-0.2795238677673133,21.610034920838224,27.191040585717968
4820,6.639784946236559,-17.214564666665154,-0.19186583236406068,21.725626128755167,25.456882411231785
4821,6.641129032258064,0.0,0.0,21.371301083082606,23.93244406568097
4822,6.64247311827957,0.0,0.0,21.480979763877553,21.480979763877553
4823,6.643817204301075,0.0,0.0,20.33474055731159,20.33474055731159
4824,6.645161290322581,0.0,0.0,19.59286515938514,19.59286515938514
4825,6.646505376344086,0.0,0.0,19.049003102593588,19.049003102593588
4826,6.647849462365591,0.0,0.0,18.61711926174102,18.61711926174102
4827,6.649193548387097,0.0,0.0,18.249563598084947,18.249563598084947
4828,6.650537634408602,0.0,0.0,17.938409394221576,17.938409394221576
4829,6.651881720430108,-0.5285582026275183,-0.005891073138570774,17.671510432828413,17.671510432828413
4830,6.653225806451613,-1.8262363539502076,-0.020354412959549022,17.41409261881441,17.492730281617217
4831,6.654569892473118,-31.951512758513818,-0.35611725939107086,17.174139964872367,17.445843171607695
4832,6.655913978494624,-47.11029095438251,-0.5250702159421327,15.557073035429276,20.31074495623786
4833,6.657258064516129,-55.15047438281265,-0.6146825015692381,15.841785075759313,22.850744838745737
4834,6.658602150537634,-58.809723477926234,-0.6554668540670358,16.592684249646624,24.79784384488339
4835,6.65994623655914,-52.95661902254779,-0.5902307717152344,17.425912854466873,26.17548703833843
4836,6.661290322580645,-64.211351135227,-0.7156709781129745,18.534915075612517,26.413677961459438
4837,6.66263440860215,-64.90677787297892,-0.7234218932520237,18.33480294960083,27.888018761186295
4838,6.663978494623656,-64.67892185293596,-0.7208823120432486,19.066547015844044,28.723226803649222
4839,6.665322580645161,-71.25540564332067,-0.7941808566712352,19.656250261885905,29.279030159796925
4840,6.666666666666667,-49.867433501742404,-0.5558000926505428,19.772564569364448,30.373778464071894
4841,6.668010752688172,-38.79989908582709,-0.43244630798937966,21.467821517699367,28.886982550594645
4842,6.669354838709677,-35.10676805464764,-0.3912843225980839,21.67354546985859,27.446104415924648
4843,6.670698924731183,-23.793589602254794,-0.26519269945905943,21.336114450708997,26.559217932319573
4844,6.672043010752688,-13.943263739505735,-0.15540537649681652,21.50958629117436,25.049541336255697
4845,6.673387096774194,0.0,0.0,21.353257001072613,23.42770342318311
4846,6.674731182795699,0.0,0.0,21.275804560642094,21.275804560642094
4847,6.676075268817204,0.0,0.0,20.239479666542774,20.239479666542774
4848,6.67741935483871,0.0,0.0,19.559642325213705,19.559642325213705
4849,6.678763440860215,0.0,0.0,19.057547037714635,19.057547037714635
4850,6.68010752688172,0.0,0.0,18.655222979459865,18.655222979459865
4851,6.681451612903226,0.0,0.0,18.310357120106424,18.310357120106424
4852,6.682795698924731,0.0,0.0,18.016301544925753,18.016301544925753
4853,6.684139784946236,-1.2104321659530828,-0.01349093512022057,17.76180657346552,17.76180657346552
4854,6.685483870967742,-5.648965790581602,-0.06296084416847515,17.479700791611045,17.659786080305285
4855,6.686827956989247,-12.452458552607606,-0.13878952918289894,17.116155273283933,17.956595294488896
4856,6.688172043010753,-19.574441513652758,-0.21816796339620517,16.810010846104053,18.662658732104077
4857,6.689516129032258,-21.616675210022866,-0.24092978605180476,16.691797090436143,19.60403707394574
4858,6.690860215053764,-21.94871818346836,-0.2446305884080864,16.97501367561787,20.19109244921971
4859,6.692204301075269,-14.640384574060938,-0.16317517328054046,17.25680887225088,20.522288228895505
4860,6.693548387096774,-14.684431090946568,-0.16366609604208807,17.827117256635045,20.00527969875629
4861,6.69489247311828,-15.827099384767914,-0.17640176537531235,17.691684893319124,19.87640047400727
4862,6.696236559139785,-19.538018432381953,-0.2177620080356947,17.59029976883318,19.945018886574182
4863,6.69758064516129,-23.408182579505556,-0.2608971252955182,17.43483520089323,20.34165624289558
4864,6.698924731182796,-21.348160866700876,-0.23793704537083216,17.40925798219855,20.891873064819507
4865,6.700268817204301,-3.4356283170788697,-0.03829197540071004,17.76583305570785,20.9419628884307
4866,6.701612903225806,-3.539815270481409,-0.03945319654821678,18.74729644191404,19.258441250132265
4867,6.702956989247312,-0.12621021184535294,-0.0014066825282805216,18.122712841988314,18.649358343355168
4868,6.704301075268817,0.0,0.0,17.948631657092157,17.96740891952424
4869,6.705645161290323,0.0,0.0,17.595334915744214,17.595334915744214
4870,6.706989247311828,0.0,0.0,17.340919769140836,17.340919769140836
4871,6.708333333333333,0.0,0.0,17.13880934151686,17.13880934151686
4872,6.709677419354839,0.0,0.0,16.966488856479756,16.966488856479756
4873,6.711021505376344,0.0,0.0,16.815038376427058,16.815038376427058
4874,6.71236559139785,0.0,0.0,16.680267576596844,16.680267576596844
4875,6.713709677419355,0.0,0.0,16.553897019586646,16.553897019586646
4876,6.71505376344086,0.0,0.0,16.438966766828653,16.438966766828653
4877,6.716397849462366,0.0,0.0,16.335859108053402,16.335859108053402
4878,6.717741935483871,0.0,0.0,16.242438773505953,16.242438773505953
4879,6.719086021505376,0.0,0.0,16.16356821196888,16.16356821196888
4880,6.720430107526882,-0.7352380126293043,-0.008194633788909346,16.09784122343954,16.09784122343954
4881,6.721774193548387,-1.024081517590817,-0.011413954205980877,16.00495356781217,16.114340573121197
4882,6.723118279569892,0.0,0.0,15.968324477706034,16.120684949386465
4883,6.724462365591398,0.0,0.0,15.99994535779703,15.99994535779703
4884,6.725806451612903,0.0,0.0,15.934041013496367,15.934041013496367
4885,6.727150537634409,0.0,0.0,15.885711850429571,15.885711850429571
4886,6.728494623655914,0.0,0.0,15.850707836727587,15.850707836727587
4887,6.729838709677419,-2.3480181693645528,-0.026169959519420173,15.823113501330486,15.823113501330486
4888,6.731182795698925,-5.039937989797651,-0.05617289290784633,15.681919378826665,16.03125207320066
4889,6.73252688172043,-7.514166371007557,-0.08374953495554703,15.614926855940677,16.364757134268693
4890,6.733870967741936,-4.979797553280738,-0.05550259452188716,15.626225949219124,16.74416618435321
4891,6.735215053763441,-2.4945575428494253,-0.027803221783799566,15.91937737242429,16.660260096170575
4892,6.736559139784946,0.0,0.0,16.040735052488966,16.411869534787453
4893,6.737903225806452,0.0,0.0,16.073583785449483,16.073583785449483
4894,6.739247311827957,0.0,0.0,15.922825757588024,15.922825757588024
4895,6.740591397849462,0.0,0.0,15.825110253409022,15.825110253409022
4896,6.741935483870968,0.0,0.0,15.748542922697188,15.748542922697188
4897,6.743279569892473,0.0,0.0,15.682630110998987,15.682630110998987
4898,6.744623655913978,0.0,0.0,15.621356081156879,15.621356081156879
4899,6.745967741935484,0.0,0.0,15.560554349366807,15.560554349366807
4900,6.747311827956989,0.0,0.0,15.506560164250214,15.506560164250214
4901,6.748655913978495,-7.21854647883287,-0.08045468795977587,15.459691744865825,15.459691744865825
4902,6.75,-17.71262912683339,-0.19741703589848314,15.053887167970428,16.127845761568974
4903,6.751344086021505,-55.47065867863508,-0.6182511324127954,14.763977455875317,17.39922131303786
4904,6.752688172043011,-65.64286293400988,-0.7316259678632705,13.398696714922957,21.651492586665263
4905,6.754032258064516,-70.47866225901069,-0.7855236225877906,14.650299431631291,24.416492246641017
4906,6.755376344086022,-73.37726188944556,-0.8178301166265552,15.859890669995266,26.345542486513335
4907,6.756720430107527,-66.93122355291446,-0.7459854586385368,16.86674599673077,27.783644739709082
4908,6.758064516129032,-79.1541319886758,-0.8822165249679857,18.12698997602569,28.08486209411725
4909,6.759408602150538,-84.32620952913034,-0.9398621861604749,17.98558695513718,29.76195502554357
4910,6.760752688172043,-88.1497860141634,-0.9824780581917386,18.638762823058755,31.184620587493864
4911,6.762096774193548,-89.17556162855749,-0.9939108940423942,19.322819896565633,32.437540497365895
4912,6.763440860215054,-61.317833795202006,-0.6834211290082346,20.08560006836265,33.352933184634374
4913,6.764784946236559,-52.64744635594675,-0.5867848715620639,22.15421761724062,31.27694263373894
4914,6.766129032258064,-47.93446904918472,-0.5342561360764746,22.073487950447348,29.906252844430448
4915,6.76747311827957,-36.0300508124425,-0.40157481894590774,21.825757621862994,28.957336689187763
4916,6.768817204301075,-28.264311066145886,-0.3150213597561372,22.035422446393287,27.395889794117732
4917,6.770161290322581,0.0,0.0,21.774577944401514,25.979676554023232
4918,6.771505376344086,0.0,0.0,22.513709073712892,22.513709073712892
4919,6.772849462365591,0.0,0.0,21.008201014587748,21.008201014587748
4920,6.774193548387097,0.0,0.0,20.078720018522795,20.078720018522795
4921,6.775537634408602,0.0,0.0,19.42578400301127,19.42578400301127
4922,6.776881720430108,0.0,0.0,18.92680435869135,18.92680435869135
4923,6.778225806451613,0.0,0.0,18.514117452167337,18.514117452167337
4924,6.779569892473118,0.0,0.0,18.164988237184332,18.164988237184332
4925,6.780913978494624,-3.202690006626037,-0.03569574925791042,17.868267193278328,17.868267193278328
4926,6.782258064516129,-5.101772523117857,-0.056862072938480404,17.455946374514507,17.93243516146547
4927,6.783602150537634,-38.32639902930661,-0.42716888830274335,17.271878226289864,18.030908102990644
4928,6.78494623655914,-47.85908174143817,-0.5334159028884413,15.565735554473406,21.26784826094529
4929,6.786290322580645,-56.17286180360017,-0.6260775741305441,16.288672081493907,23.409035200117636
4930,6.78763440860215,-63.59300580202495,-0.7087791778066338,16.904609196304484,25.261877219430644
4931,6.788978494623656,-57.8288414288194,-0.644534381800265,17.501994913211234,26.963214741069063
4932,6.790322580645161,-68.57449745210899,-0.7643006539731959,18.725702065002913,27.329342893865423
4933,6.791666666666667,-71.54170800307725,-0.7973718546212943,18.62006423395316,28.822418829348308
4934,6.793010752688172,-73.7448808957602,-0.8219274335210098,19.25725922580181,29.90106852119411
4935,6.794354838709677,-73.93716088293401,-0.8240705001916119,19.825224171186782,30.796816416819606
4936,6.795698924731183,-50.86695061568547,-0.5669402630087375,20.41544629060455,31.41564550651981
4937,6.797043010752688,-35.03985123091755,-0.390538497633425,22.048328661885506,29.616195531491215
4938,6.798387096774194,-26.48720351949118,-0.2952145144921604,22.35606021744832,27.569207969313027
4939,6.799731182795699,-19.04588331102524,-0.21227689025763438,22.005838637715016,25.946543310541408
4940,6.801075268817204,-14.05168593491651,-0.15661380175601056,21.648395558171238,24.48199787887803
4941,6.80241935483871,0.0,0.0,21.183760740817434,23.274337965554146
4942,6.803763440860215,0.0,0.0,21.236163328912017,21.236163328912017
4943,6.80510752688172,0.0,0.0,20.255075901581137,20.255075901581137
4944,6.806451612903226,0.0,0.0,19.606633538282686,19.606633538282686
4945,6.807795698924731,0.0,0.0,19.125996665947618,19.125996665947618
4946,6.809139784946236,0.0,0.0,18.744381528887043,18.744381528887043
4947,6.810483870967742,0.0,0.0,18.421140649711273,18.421140649711273
4948,6.811827956989247,0.0,0.0,18.141990227609554,18.141990227609554
4949,6.813172043010753,0.0,0.0,17.896738266799165,17.896738266799165
4950,6.814516129032258,0.0,0.0,17.68487429429898,17.68487429429898
4951,6.815860215053764,-24.32892419209548,-0.27115929917632975,17.5061331172248,17.5061331172248
4952,6.817204301075269,-34.42912933333031,-0.38373166472812137,16.13211191429003,19.751712797338307
4953,6.818548387096774,-39.28779896517557,-0.43788422165575264,16.42092247078807,21.543208435984795
4954,6.81989247311828,-44.89610643247813,-0.50039190635203,16.987733249666462,22.832880807550495
4955,6.821236559139785,-40.93022581596845,-0.45618997616807433,17.38398088351524,24.063519411619403
4956,6.82258064516129,-53.05741778234374,-0.5913542295733913,18.246167527794206,24.33567154108631
4957,6.823924731182796,-58.43193989079182,-0.6512562473045316,17.949270936480932,25.843030427894412
4958,6.825268817204301,-63.96147185674124,-0.7128859355234258,18.41627711242638,27.109645530897215
4959,6.826612903225806,-67.65968517833058,-0.7541045658487464,18.852293983980445,28.368333336388304
4960,6.827956989247312,-44.1439274518159,-0.49200845611637173,19.3919063364477,29.458157284684148
4961,6.829301075268817,-32.83329014462799,-0.3659451554443595,21.23807815211942,27.805709237004212
4962,6.830645161290323,-28.990231546357073,-0.3231121444993345,21.406219909419754,26.29108062346186
4963,6.831989247311828,-19.166164184059067,-0.21361748702955274,21.0407341946609,25.353833568740953
4964,6.833333333333333,-12.3906240192874,-0.13810034915226488,21.112515581579025,23.96401301144928
4965,6.834677419354839,0.0,0.0,20.840285589246847,22.683733876874108
4966,6.836021505376344,0.0,0.0,20.821449156836177,20.821449156836177
4967,6.83736559139785,0.0,0.0,19.924577841897673,19.924577841897673
4968,6.838709677419355,0.0,0.0,19.33298903713186,19.33298903713186
4969,6.84005376344086,0.0,0.0,18.891535278853198,18.891535278853198
4970,6.841397849462366,0.0,0.0,18.5350691792021,18.5350691792021
4971,6.842741935483871,0.0,0.0,18.22550482465398,18.22550482465398
4972,6.844086021505376,0.0,0.0,17.957269297705967,17.957269297705967
4973,6.845430107526882,-0.10672809860747966,-0.0011895436145190987,17.722761790065817,17.722761790065817
4974,6.846774193548387,-3.534732980071529,-0.03939655161419205,17.513909614363122,17.529788373198304
4975,6.848118279569892,-34.26141374980426,-0.3818623819053056,17.1750691178018,17.70095848779555
4976,6.849462365591398,-47.283935876720086,-0.5270055845213106,15.61929201292328,20.716625642807575
4977,6.850806451612903,-53.225980414271426,-0.5932329532185445,16.09544841353126,23.13024266509873
4978,6.852150537634409,-55.88401829863866,-0.6228582537134725,16.929088795797682,24.847926644419108
4979,6.853494623655914,-50.66365899929027,-0.5646744656477487,17.728751245288112,26.04304580204287
4980,6.854838709677419,-62.81287422410838,-0.7000841804338395,18.723098852505956,26.260720467187507
4981,6.856182795698925,-66.48059380323843,-0.7409629411550117,18.453023067297813,27.798176729384192
4982,6.85752688172043,-71.43243875926481,-0.7961539885397627,19.050715328496793,28.94154379817314
4983,6.858870967741936,-76.43764776459496,-0.8519398077317736,19.4992427875394,30.126795258409963
4984,6.860215053763441,-53.21327468824673,-0.5930913408834827,19.961248101211037,31.333463952693403
4985,6.861559139784946,-40.24411661063465,-0.44854291007473723,21.850835006181992,29.76778252637066
4986,6.862903225806452,-30.863902610799492,-0.3439952435097809,22.160603903115373,28.148030181038454
4987,6.864247311827957,-21.282091091372433,-0.23720066122851075,22.057970527015318,26.64983033397967
4988,6.865591397849462,-15.680560011283044,-0.17476850311093298,21.910241849377904,25.076541974250404
4989,6.866935483870968,0.0,0.0,21.473594485247972,23.80651181506448
4990,6.868279569892473,0.0,0.0,21.595297702430504,21.595297702430504
4991,6.869623655913978,0.0,0.0,20.549019986076374,20.549019986076374
4992,6.870967741935484,0.0,0.0,19.862350300115914,19.862350300115914
4993,6.872311827956989,0.0,0.0,19.35434353846854,19.35434353846854
4994,6.873655913978495,0.0,0.0,18.94913348773383,18.94913348773383
4995,6.875,0.0,0.0,18.602918233955467,18.602918233955467
4996,6.876344086021505,0.0,0.0,18.306264494214453,18.306264494214453
4997,6.877688172043011,-0.524322960619285,-0.005843869026883508,18.049454648141463,18.049454648141463
4998,6.879032258064516,-1.7550842882118876,-0.019561383883202953,17.802124156660064,17.88013170998528
4999,6.880376344086022,-32.1056755676135,-0.35783548905648727,17.57427262823739,17.835389995749264
5000,6.881720430107527,-46.94257537085647,-0.5232009331193168,15.950436111954572,20.727044017747303
5001,6.883064516129032,-58.1100614981661,-0.6476687348162995,16.265723261726556,23.24973068940055
5002,6.884408602150538,-61.92601454758431,-0.690199639446526,16.85691474401144,25.502394842185698
5003,6.885752688172043,-55.746796457571904,-0.6213288404948052,17.800786124634904,27.013994862114657
5004,6.887096774193548,-66.87108311639754,-0.7453151602525776,19.00055887206876,27.294437881749708
5005,6.888440860215054,-65.18545679712066,-0.7265279238010456,18.84278435365414,28.79170891716397
5006,6.889784946236559,-65.51919386736947,-0.7302476078020024,19.715541333332887,29.41368232476326
5007,6.891129032258064,-71.90763291258861,-0.8014502898710741,20.204898256329592,29.95269187459379
5008,6.89247311827957,-47.14925518085826,-0.5255044937696556,20.31563174240729,31.01388249666307
5009,6.893817204301075,-36.7161600177763,-0.40922188503924495,22.16456217805129,29.17931894823151
5010,6.895161290322581,-31.11971122809679,-0.34684637185569184,22.20220868389108,27.66475376698455
5011,6.896505376344086,-20.05641205418971,-0.22353979130621604,21.90674408185478,26.536662501265358
5012,6.897849462365591,-11.732467411207942,-0.13076483019606377,21.958001261315108,24.941947703374055
5013,6.899193548387097,0.0,0.0,21.664354594201463,23.40988386901177
5014,6.900537634408602,0.0,0.0,21.487270348922728,21.487270348922728
5015,6.901881720430108,0.0,0.0,20.53053578737626,20.53053578737626
5016,6.903225806451613,0.0,0.0,19.888894328834,19.888894328834
5017,6.904569892473118,0.0,0.0,19.407303024580703,19.407303024580703
5018,6.905913978494624,0.0,0.0,19.017518272477396,19.017518272477396
5019,6.907258064516129,0.0,0.0,18.682600661341418,18.682600661341418
5020,6.908602150537634,0.0,0.0,18.39705458515727,18.39705458515727
5021,6.90994623655914,0.0,0.0,18.14917887359578,18.14917887359578
5022,6.911290322580645,0.0,0.0,17.933927566676203,17.933927566676203
5023,6.91263440860215,-1.0926924381241967,-0.012178660815314584,17.75251808243314,17.75251808243314
5024,6.913978494623656,-3.793929790975408,-0.04228544324945272,17.540189240613582,17.702757485830915
5025,6.915322580645161,-8.135899897816207,-0.09067909855123764,17.310702819951466,17.875154889973512
5026,6.916666666666667,-12.016228625759576,-0.1339275056791106,17.102409354434645,18.31284966087844
5027,6.918010752688172,-8.24178094802204,-0.09185920134341928,17.047167913553114,18.83491452336172
5028,6.919354838709677,-9.28788572405567,-0.10351861693017393,17.443503720673153,18.669696764056614
5029,6.920698924731183,-10.601657795009647,-0.11816133237556381,17.359316804345816,18.74114688869316
5030,6.922043010752688,-13.429952408107857,-0.14968423816031992,17.322181954191056,18.89947199848575
5031,6.923387096774194,-16.523373170921474,-0.18416212133669888,17.24838470420571,19.246461857632713
5032,6.924731182795699,-14.05168593491651,-0.15661380175601056,17.243376097607605,19.70168521346384
5033,6.926075268817204,0.0,0.0,17.575944485669908,19.66652171040662
5034,6.92741935483871,0.0,0.0,18.316982255997427,18.316982255997427
5035,6.928763440860215,0.0,0.0,17.811463354438587,17.811463354438587
5036,6.93010752688172,0.0,0.0,17.521104083991833,17.521104083991833
5037,6.931451612903226,0.0,0.0,17.32658447803621,17.32658447803621
5038,6.932795698924731,0.0,0.0,17.178548806293733,17.178548806293733
5039,6.934139784946236,0.0,0.0,17.05090712592755,17.05090712592755
5040,6.935483870967742,0.0,0.0,16.933313331414077,16.933313331414077
5041,6.936827956989247,0.0,0.0,16.824195454405917,16.824195454405917
5042,6.938172043010753,0.0,0.0,16.722424962668125,16.722424962668125
5043,6.939516129032258,0.0,0.0,16.623737260159473,16.623737260159473
5044,6.940860215053764,0.0,0.0,16.53380866143694,16.53380866143694
5045,6.942204301075269,0.0,0.0,16.4531364993982,16.4531364993982
5046,6.943548387096774,0.0,0.0,16.380336829228625,16.380336829228625
5047,6.94489247311828,0.0,0.0,16.31860837827443,16.31860837827443
5048,6.946236559139785,0.0,0.0,16.26637898850564,16.26637898850564
5049,6.94758064516129,0.0,0.0,16.221171233149033,16.221171233149033
5050,6.948924731182796,0.0,0.0,16.17944011777483,16.17944011777483
5051,6.950268817204301,0.0,0.0,16.139786549309445,16.139786549309445
5052,6.951612903225806,0.0,0.0,16.102183083578467,16.102183083578467
5053,6.952956989247312,0.0,0.0,16.070134803673366,16.070134803673366
5054,6.954301075268817,0.0,0.0,16.0461395675564,16.0461395675564
5055,6.955645161290323,-1.3451128618149024,-0.014992025871875625,16.027056282747303,16.027056282747303
5056,6.956989247311828,-5.21273586373357,-0.05809882066468677,15.943773574975937,16.14389634505743
5057,6.958333333333333,-5.784493534845069,-0.06447137574246767,15.786050344961899,16.561589089975445
5058,6.959677419354839,-4.277594428315654,-0.047676152804138484,15.921076951935861,16.781680476423595
5059,6.961021505376344,-0.14061003467334623,-0.0015671765080172255,16.105757251725688,16.74216782408812
5060,6.96236559139785,0.0,0.0,16.317265790740564,16.33818542539644
5061,6.963709677419355,0.0,0.0,16.16988277987491,16.16988277987491
5062,6.96505376344086,0.0,0.0,16.071337330166415,16.071337330166415
5063,6.966397849462366,0.0,0.0,15.999192206018357,15.999192206018357
5064,6.967741935483871,0.0,0.0,15.937464571109151,15.937464571109151
5065,6.969086021505376,0.0,0.0,15.880741025951185,15.880741025951185
5066,6.970430107526882,0.0,0.0,15.82643300096954,15.82643300096954
5067,6.971774193548387,0.0,0.0,15.77150637774658,15.77150637774658
5068,6.973118279569892,0.0,0.0,15.723469199586395,15.723469199586395
5069,6.974462365591398,-7.238028592070744,-0.0806718268735373,15.682033482300625,15.682033482300625
5070,6.975806451612903,-17.577948430971567,-0.19591594514682803,15.280485465912658,16.3573425631081
5071,6.977150537634409,-54.21363885059143,-0.6042409520640148,15.003908262737864,17.619114638513153
5072,6.978494623655914,-62.885720386649986,-0.7008960911548604,13.69377228430854,21.759551663103153
5073,6.979838709677419,-67.30985418845052,-0.7502055062233783,14.977835111281925,24.333826656382794
5074,6.981182795698925,-70.91489218585872,-0.790385646091579,16.12621655919235,26.14042046458015
5075,6.98252688172043,-64.9118601633888,-0.7234785381860482,17.031327123010996,27.58188021572048
5076,6.983870967741936,-75.9319598688119,-0.846303636796314,18.251013456041207,27.90844937521949
5077,6.985215053763441,-79.63017319040124,-0.8875222671216345,18.167042945234797,29.46402372509333
5078,6.986559139784946,-84.78785090802778,-0.9450074343343869,18.83806698673355,30.685259362420673
5079,6.987903225806452,-87.82451942793105,-0.9788527824141563,19.359786211529787,31.97432590902183
5080,6.989247311827957,-63.40750220206433,-0.7067116377147316,20.010031649553348,33.07635984247496
5081,6.990591397849462,-50.789869211135624,-0.5660811481760293,21.967060763152613,31.400681795892147
5082,6.991935483870968,-45.03502237034819,-0.5019402012153724,22.2459995497067,29.802398426820332
5083,6.993279569892473,-31.756691626135083,-0.35394587025345664,21.994258873887382,28.69446499285639
5084,6.994623655913978,-22.964329217042707,-0.25595013439069275,22.209502931061962,26.93418981590156
5085,6.995967741935484,0.0,0.0,21.91220708728608,25.328786696655968
5086,6.997311827956989,0.0,0.0,22.29301807910094,22.29301807910094
5087,6.998655913978495,0.0,0.0,20.92948796754436,20.92948796754436
5088,7.0,0.0,0.0,20.07371061314425,20.07371061314425
5089,7.001344086021505,0.0,0.0,19.465568499596827,19.465568499596827
5090,7.002688172043011,0.0,0.0,18.997404179557563,18.997404179557563
5091,7.004032258064516,0.0,0.0,18.609499656195318,18.609499656195318
5092,7.005376344086022,0.0,0.0,18.280836703877892,18.280836703877892
5093,7.006720430107527,-3.7210836284337945,-0.04147353252843174,17.99958118997324,17.99958118997324
5094,7.008064516129032,-9.044782832783078,-0.10080910091932488,17.57281753142244,18.12643171843
5095,7.009408602150538,-48.81031709648736,-0.5440179463734011,17.245740489611237,18.59140228994511
5096,7.010752688172043,-56.879300170573494,-0.63395121995998,15.362862655629021,22.62474836291869
5097,7.012096774193548,-62.205540520127705,-0.6933151108178854,16.502138081000894,24.964508364988493
5098,7.013440860215054,-60.37083368216103,-0.6728662896349619,17.424213771522034,26.6790097345225
5099,7.014784946236559,-50.59928332076512,-0.5639569631501022,18.48828419825854,27.470116735568503
5100,7.016129032258065,-59.58731391063787,-0.6641335289728177,19.584026037007156,27.112069987629393
5101,7.01747311827957,-66.02572881155417,-0.7358932195597994,19.238731342614365,28.103993626570812
5102,7.018817204301075,-76.21741518016684,-0.8494851939240359,19.437252540191764,29.260407251975316
5103,7.020161290322581,-79.54038605982669,-0.8865215399538645,19.56301878235367,30.902468941001537
5104,7.021505376344086,-50.09613657018701,-0.558349114681655,20.250405392058887,32.08423944682117
5105,7.022849462365591,-30.96724251580039,-0.3451470238349502,22.45180115554195,29.904988100226905
5106,7.024193548387097,-21.57432278994053,-0.24045774493493208,22.82719328531289,27.434427763530355
5107,7.025537634408602,-13.119932693105179,-0.14622889718481208,22.347932810834457,25.55771048966043
5108,7.026881720430108,-7.965643169085229,-0.08878149326140958,21.91089929201067,23.862852431678338
5109,7.028225806451613,0.0,0.0,21.330096406787483,22.515206312232298
5110,7.029569892473118,0.0,0.0,20.98367197895543,20.98367197895543
5111,7.030913978494624,0.0,0.0,20.1649647498143,20.1649647498143
5112,7.032258064516129,0.0,0.0,19.59803759081179,19.59803759081179
5113,7.033602150537634,0.0,0.0,19.167238370153676,19.167238370153676
5114,7.03494623655914,0.0,0.0,18.819213860831486,18.819213860831486
5115,7.036290322580645,0.0,0.0,18.521546183587873,18.521546183587873
5116,7.037634408602151,0.0,0.0,18.25963177644611,18.25963177644611
5117,7.038978494623656,-0.8690716600894773,-0.009686283718226947,18.02552110427454,18.02552110427454
5118,7.040322580645161,-4.898480906722658,-0.05459627557749165,17.779277302609803,17.908575767410568
5119,7.041666666666667,-33.99205235808063,-0.37886020040199553,17.442060891478917,18.17084551325554
5120,7.043010752688172,-45.36283010178544,-0.5055937994599667,16.012215863986736,21.069474531096525
5121,7.044354838709677,-47.727789239182925,-0.5319525754261359,16.531564377864836,23.28054097039904
5122,7.045698924731183,-50.22827612084389,-0.5598218829662978,17.45782136345492,24.558651088273464
5123,7.047043010752688,-46.210725551833754,-0.5150440626197573,18.07519131585913,25.548037676244782
5124,7.048387096774194,-59.433998149939825,-0.6624247401297387,18.886417534425465,25.7615420443725
5125,7.049731182795699,-61.53044294401532,-0.6857907754149353,18.524078894556894,27.366531215424708
5126,7.051075268817204,-60.31069324564413,-0.6721959912490029,19.204489057746837,28.358845570020005
5127,7.05241935483871,-59.57630228141646,-0.6640107982824308,19.89159030913852,28.864475291866757
5128,7.053763440860215,-33.12043955278621,-0.3691455942167562,20.354000969518076,29.2176249688328
5129,7.05510752688172,-18.386879654544135,-0.20493193047909583,22.005555348878055,26.933137485500527
5130,7.056451612903226,-10.484765115582405,-0.11685849889299525,22.019665483789815,24.75522276978414
5131,7.057795698924731,-5.38299259246455,-0.05999642595451486,21.510151345829566,23.070050368542873
5132,7.059139784946237,-4.639284095818779,-0.05170738394223098,20.951070715187043,21.75193986119957
5133,7.060483870967742,0.0,0.0,20.28267807111117,20.972899992859496
5134,7.061827956989247,0.0,0.0,19.999511959497365,19.999511959497365
5135,7.063172043010753,0.0,0.0,19.43249163619122,19.43249163619122
5136,7.064516129032258,0.0,0.0,19.012401343774822,19.012401343774822
5137,7.065860215053763,0.0,0.0,18.673578173597,18.673578173597
5138,7.067204301075269,0.0,0.0,18.383994529070044,18.383994529070044
5139,7.068548387096774,0.0,0.0,18.123346922554127,18.123346922554127
5140,7.06989247311828,0.0,0.0,17.8943780472666,17.8943780472666
5141,7.071236559139785,0.0,0.0,17.694447446319828,17.694447446319828
5142,7.07258064516129,0.0,0.0,17.521813600174855,17.521813600174855
5143,7.073924731182796,-20.09198808705887,-0.22393630584438906,17.37892498180189,17.37892498180189
5144,7.075268817204301,-31.757538674536725,-0.35395531107579403,16.249524298862205,19.238763660532882
5145,7.076612903225806,-38.89646260361481,-0.4335225617358493,16.330864913215127,21.055677819950244
5146,7.077956989247312,-48.81201119329066,-0.5440368280180761,16.777842603468898,22.564768045623932
5147,7.079301075268817,-43.16728064471729,-0.4811231879612881,17.038415183380632,24.300552934461336
5148,7.080645161290323,-54.09844026796749,-0.6029570002261213,18.192635486963677,24.614963326317007
5149,7.081989247311828,-57.39769379238125,-0.6397290032305013,18.01499058744866,26.06363098845292
5150,7.083333333333333,-57.37397643713514,-0.6394646602050527,18.587974614161936,27.12747029820613
5151,7.084677419354839,-62.838285676157774,-0.7003674051039631,19.235147543912085,27.771114614881792
5152,7.086021505376344,-35.317683106657654,-0.39363508736010966,19.442243339663953,28.79117765861585
5153,7.087365591397849,-21.39728967399638,-0.2384846130664044,21.415548476498216,26.6700314100926
5154,7.088709677419355,-16.243847198378074,-0.1810466499653393,21.506788952254837,24.690228054917693
5155,7.09005376344086,-10.985370720955585,-0.12243802489443008,20.974501120920486,23.391223011256006
5156,7.091397849462366,-8.02070131519226,-0.089395146713344,20.61260652520416,22.2469844881682
5157,7.092741935483871,0.0,0.0,20.18181910084324,21.37512042949668
5158,7.094086021505376,0.0,0.0,20.0835890199081,20.0835890199081
5159,7.095430107526882,0.0,0.0,19.418413844438536,19.418413844438536
5160,7.096774193548387,0.0,0.0,18.95450226515955,18.95450226515955
5161,7.098118279569892,0.0,0.0,18.593830614497044,18.593830614497044
5162,7.099462365591398,0.0,0.0,18.294336275252927,18.294336275252927
5163,7.100806451612903,0.0,0.0,18.03112311309136,18.03112311309136
5164,7.102150537634409,0.0,0.0,17.80546505535932,17.80546505535932
5165,7.103494623655914,0.0,0.0,17.610877045868683,17.610877045868683
5166,7.104838709677419,0.0,0.0,17.44457137311298,17.44457137311298
5167,7.106182795698925,-26.629507650967824,-0.2968005726448526,17.30795756645049,17.30795756645049
5168,7.10752688172043,-41.20721064330691,-0.4592771250724215,15.855325633167766,19.817201984441066
5169,7.108870967741935,-51.33536838179607,-0.5721610377613491,16.040893225515454,22.17160639864172
5170,7.110215053763441,-55.771360861219655,-0.6216026243425913,16.595565117486487,24.23312209531327
5171,7.111559139784946,-51.58694175708513,-0.5749649619955726,17.411246171568333,25.708779816219288
5172,7.112903225806452,-64.47139499453253,-0.7185693105705726,18.46979302938263,26.144778510178053
5173,7.114247311827957,-68.48132212792784,-0.7632621635160759,18.266879057226234,27.858783590735513
5174,7.115591397849462,-73.58394169944735,-0.8201336772768939,18.939277056546757,29.127769243434997
5175,7.116935483870968,-76.69515047869555,-0.8548098177223594,19.454264597945624,30.40191268343016
5176,7.118279569892473,-51.692822807290966,-0.5761450647877543,20.068347009661178,31.47887351738081
5177,7.119623655913978,-39.70285268198244,-0.4425102246011048,22.01759540747228,29.70833362520737
5178,7.120967741935484,-35.044086472925784,-0.3905857017451123,22.20252937233472,28.109427659022238
5179,7.122311827956989,-22.89995353851756,-0.2552326318930463,21.862040030339823,27.075817891682117
5180,7.123655913978495,-15.602631558331552,-0.1738999474558873,22.022715750209713,25.42971769552028
5181,7.125,0.0,0.0,21.681156998453076,24.00248031388199
5182,7.126344086021505,0.0,0.0,21.752944114893157,21.752944114893157
5183,7.127688172043011,0.0,0.0,20.688957570097998,20.688957570097998
5184,7.129032258064516,0.0,0.0,19.99359792649579,19.99359792649579
5185,7.130376344086022,0.0,0.0,19.481295414000478,19.481295414000478
5186,7.131720430107527,0.0,0.0,19.07521363182188,19.07521363182188
5187,7.133064516129032,0.0,0.0,18.73139715514041,18.73139715514041
5188,7.134408602150538,0.0,0.0,18.44016440725818,18.44016440725818
5189,7.135752688172043,-0.08724598536960639,-0.0009724047007576759,18.189537870062832,18.189537870062832
5190,7.137096774193548,-0.7733551907034043,-0.00861947079409474,17.971199985146388,17.98418024038467
5191,7.138440860215054,-10.356860806933762,-0.11543293472003985,17.760711208696573,17.875769199303882
5192,7.139784946236559,-20.58412320841558,-0.22942142362244933,17.151929421731623,18.692799138221815
5193,7.141129032258065,-24.19763168984025,-0.26969597171402454,16.88582878776869,19.948286870734925
5194,7.14247311827957,-25.492768695958002,-0.28413098906799045,17.202731204777447,20.80279869402054
5195,7.143817204301075,-19.970860165623396,-0.22258626825013325,17.555894858557508,21.348649826046575
5196,7.145161290322581,-21.606510629203107,-0.24081649618375534,18.144062553247622,21.115280783859323
5197,7.146505376344086,-23.74615489176258,-0.26466401340816204,18.064318378709178,21.27888488956481
5198,7.147849462365591,-27.78488167081387,-0.30967785431313866,18.060990099377225,21.59388791830959
5199,7.149193548387097,-30.32517982735222,-0.33799088050316073,18.027678896852745,22.16144911361166
5200,7.150537634408602,-26.579531795270672,-0.29624356412694286,18.17975249007291,22.69146237148825
5201,7.151881720430108,-3.5237213508501224,-0.039273820923805165,18.654493419051537,22.608934478489317
5202,7.153225806451613,-3.5635326257275155,-0.039717539573665465,19.869422293741586,20.39367337909361
5203,7.154569892473118,-0.10418695340253967,-0.001161221147506739,19.05606319313351,19.586237307574848
5204,7.155913978494624,0.0,0.0,18.78201019828984,18.79751089143847
5205,7.157258064516129,0.0,0.0,18.364137303480234,18.364137303480234
5206,7.158602150537634,0.0,0.0,18.06539479335794,18.06539479335794
5207,7.15994623655914,0.0,0.0,17.827563703417095,17.827563703417095
5208,7.161290322580645,0.0,0.0,17.627113960670446,17.627113960670446
5209,7.162634408602151,0.0,0.0,17.453450918481387,17.453450918481387
5210,7.163978494623656,0.0,0.0,17.300907900403026,17.300907900403026
5211,7.165322580645161,0.0,0.0,17.160917839127787,17.160917839127787
5212,7.166666666666667,0.0,0.0,17.037733140613966,17.037733140613966
5213,7.168010752688172,0.0,0.0,16.92909444118277,16.92909444118277
5214,7.169354838709677,0.0,0.0,16.83174292327873,16.83174292327873
5215,7.170698924731183,0.0,0.0,16.7495984556555,16.7495984556555
5216,7.172043010752688,0.0,0.0,16.681055701062697,16.681055701062697
5217,7.173387096774194,-0.4294535396348587,-0.004786496925088755,16.620108477244443,16.620108477244443
5218,7.174731182795699,0.0,0.0,16.5431735236629,16.60706662469018
5219,7.176075268817204,0.0,0.0,16.529139377406278,16.529139377406278
5220,7.17741935483871,-0.418441910413452,-0.004663766234701864,16.47330167881919,16.47330167881919
5221,7.178763440860215,-2.695308014039685,-0.03004069667777597,16.40614781994917,16.468402636334723
5222,7.18010752688172,-3.886258066754894,-0.04331449288423511,16.27152827889762,16.67252995043371
5223,7.181451612903226,-6.490931901818385,-0.07234502157190359,16.2781403512453,16.856328807878732
5224,7.182795698924731,-6.744199373910739,-0.0751678274508021,16.22443750718887,17.190143292538043
5225,7.184139784946237,-8.135899897816207,-0.09067909855123764,16.35340161542572,17.35678794753457
5226,7.185483870967742,-4.523238464793185,-0.050413991281999894,16.377833703381768,17.588274009825565
5227,7.186827956989247,-1.2426200052156562,-0.013849686369043794,16.671037726003316,17.34399464806577
5228,7.188172043010753,0.0,0.0,16.765990847518264,16.95086496824216
5229,7.189516129032258,0.0,0.0,16.66854355850735,16.66854355850735
5230,7.190860215053763,0.0,0.0,16.522820038127648,16.522820038127648
5231,7.192204301075269,0.0,0.0,16.421975842916474,16.421975842916474
5232,7.193548387096774,0.0,0.0,16.339496466917975,16.339496466917975
5233,7.19489247311828,0.0,0.0,16.26586594665329,16.26586594665329
5234,7.196236559139785,0.0,0.0,16.195938674219438,16.195938674219438
5235,7.19758064516129,0.0,0.0,16.127137714648093,16.127137714648093
5236,7.198924731182796,0.0,0.0,16.06571222113037,16.06571222113037
5237,7.200268817204301,-13.402846859255165,-0.14938213184552143,16.012072694018592,16.012072694018592
5238,7.201612903225806,-20.86195508415569,-0.232518013349134,15.290608368013162,17.284652820783613
5239,7.202956989247312,-57.884746623328084,-0.645157476074537,15.385573354396442,18.489366619092355
5240,7.204301075268817,-68.74644827764325,-0.7662171409076989,14.075765570652587,22.68772384461924
5241,7.205645161290323,-74.80707959142512,-0.8337662247321761,15.288193859465377,25.516130899650538
5242,7.206989247311828,-78.21221416604473,-0.871718330528738,16.4677768615771,27.597400564188636
5243,7.208333333333333,-73.22818137075575,-0.8161685318951635,17.5203206539384,29.156552376529536
5244,7.209677419354839,-84.64046448614125,-0.9433647312476701,18.773122692317504,29.66784158168477
5245,7.211021505376344,-88.0320462863345,-0.9811657838868326,18.773991964260986,31.366603851933014
5246,7.212365591397849,-92.87462199854848,-1.0351389651900522,19.55429803224648,32.65150158956983
5247,7.213709677419355,-94.7372814337695,-1.055899333510112,20.154001315511778,33.97167204950761
5248,7.21505376344086,-67.97139899013655,-0.7575787884689291,20.90519560504235,34.99998848728076
5249,7.216397849462366,-53.291203141198224,-0.5939598965385284,22.97564181301962,33.08826881880644
5250,7.217741935483871,-46.23020766507163,-0.5152612015335188,23.27965310681156,31.20819464138782
5251,7.219086021505376,-34.368141848411746,-0.3830519255198247,22.975801136321273,29.853824149865208
5252,7.220430107526882,-28.275322695367286,-0.31514409044652403,23.000658870594428,28.113871259313903
5253,7.221774193548387,0.0,0.0,22.54825063249046,26.7549875267539
5254,7.223118279569892,0.0,0.0,23.278429110750213,23.278429110750213
5255,7.224462365591398,0.0,0.0,21.752530414519292,21.752530414519292
5256,7.225806451612903,0.0,0.0,20.79989916965068,20.79989916965068
5257,7.227150537634409,0.0,0.0,20.124197366176567,20.124197366176567
5258,7.228494623655914,0.0,0.0,19.60426400442146,19.60426400442146
5259,7.229838709677419,0.0,0.0,19.173523566867477,19.173523566867477
5260,7.231182795698925,0.0,0.0,18.80878856891857,18.80878856891857
5261,7.23252688172043,-10.213709627055476,-0.11383743574501028,18.49878279672273,18.49878279672273
5262,7.233870967741935,-19.970860165623396,-0.22258626825013325,17.72267116779821,19.242243183945977
5263,7.235215053763441,-53.5360001292741,-0.5966882941940523,17.40257318416247,20.37379141477417
5264,7.236559139784946,-56.244860917740134,-0.6268800440292276,16.12974924877111,24.09471111115187
5265,7.237903225806452,-59.75079425215567,-0.6659556076839461,17.48471737356731,25.85269725781244
5266,7.239247311827957,-67.9578462157102,-0.75742773531153,18.281948410549937,27.171532920341228
5267,7.240591397849462,-62.28431602148085,-0.6941931072952686,18.656971412819573,28.767582068278116
5268,7.241935483870968,-74.29207416322397,-0.8280262047510049,19.8210777718878,29.087593771171374
5269,7.243279569892473,-78.93305235584603,-0.8797524703379106,19.629800173442213,30.682802563579227
5270,7.244623655913978,-82.85403940706844,-0.9234540369379813,20.22057667017385,31.964053025850223
5271,7.245967741935484,-88.08202214203166,-0.9817227924047424,20.78908364695725,33.115915356983265
5272,7.247311827956989,-62.41306737853113,-0.6956281122905614,21.247173610783925,34.3518124599428
5273,7.248655913978495,-48.51554425271432,-0.5407325401999674,23.281652480396268,32.56732380779847
5274,7.25,-42.55401760192511,-0.4742880325889721,23.56462809815907,30.782658185808714
5275,7.251344086021505,-30.126970501366895,-0.33578172807619666,23.22340103303588,29.554489020034676
5276,7.252688172043011,-21.834366649246057,-0.2433560773925302,23.312880767732256,27.795101525596543
5277,7.254032258064516,0.0,0.0,22.957893707918956,26.206360108668743
5278,7.255376344086022,0.0,0.0,23.26773310449369,23.26773310449369
5279,7.256720430107527,0.0,0.0,21.928216063527117,21.928216063527117
5280,7.258064516129032,0.0,0.0,21.076757456763996,21.076757456763996
5281,7.259408602150538,0.0,0.0,20.461842470464077,20.461842470464077
5282,7.260752688172043,0.0,0.0,19.982469251833393,19.982469251833393
5283,7.262096774193548,0.0,0.0,19.581440422024535,19.581440422024535
5284,7.263440860215054,0.0,0.0,19.23838402858804,19.23838402858804
5285,7.264784946236559,-1.1714679394773364,-0.013056657292697728,18.93834450293057,18.93834450293057
5286,7.266129032258064,-2.3014305072739862,-0.02565071429086025,18.620222579372097,18.794510860872542
5287,7.26747311827957,-33.62104515815939,-0.37472512021819104,18.388826973863406,18.731228463983946
5288,7.268817204301075,-42.352420082333204,-0.47204111687265826,16.69631092015228,21.698371997025486
5289,7.270161290322581,-48.83064625812689,-0.5442445261095,17.331225630523523,23.632320406389198
5290,7.271505376344086,-53.97392415292543,-0.6015691993425156,17.923735178616816,25.188645411398905
5291,7.272849462365591,-53.39030780419088,-0.5950644727520105,18.483203422429533,26.513318604792747
5292,7.274193548387097,-68.73543664842184,-0.7660944102173118,19.255708295749308,27.198994392101095
5293,7.275537634408602,-72.66912942566894,-0.8099375891524443,18.99147652615579,29.217775281699225
5294,7.276881720430108,-76.17590980848614,-0.8490225936295005,19.783248780241983,30.59479321856782
5295,7.278225806451613,-77.92167656427992,-0.8684801284669915,20.43569722755734,31.76897231332486
5296,7.279569892473118,-51.802092051103386,-0.5773629308692858,21.092087039816672,32.68509325224537
5297,7.280913978494624,-37.87238108602399,-0.4221086075298684,23.030091706495902,30.737086748752724
5298,7.282258064516129,-30.68686949485534,-0.34202211164125323,23.227516645207412,28.862081615682015
5299,7.283602150537634,-17.74396991769432,-0.1977663463249689,22.882212129056,27.44773335985723
5300,7.28494623655914,-9.962983300168062,-0.11104295233312413,22.899724071797348,25.53963073909403
5301,7.286290322580645,0.0,0.0,22.42958252071145,23.91185205578609
5302,7.287634408602151,0.0,0.0,22.090215071668606,22.090215071668606
5303,7.288978494623656,0.0,0.0,21.14711822286826,21.14711822286826
5304,7.290322580645161,0.0,0.0,20.501898372921445,20.501898372921445
5305,7.291666666666667,0.0,0.0,20.00885503268207,20.00885503268207
5306,7.293010752688172,0.0,0.0,19.60341909926365,19.60341909926365
5307,7.294354838709677,0.0,0.0,19.24941643034581,19.24941643034581
5308,7.295698924731183,0.0,0.0,18.941704518339478,18.941704518339478
5309,7.297043010752688,0.0,0.0,18.673872690020886,18.673872690020886
5310,7.298387096774194,-0.009317532418113304,-0.00010384904571198482,18.442291513588778,18.442291513588778
5311,7.299731182795699,-21.319361221044886,-0.2376160574113587,18.246737731591143,18.24812397244183
5312,7.301075268817204,-35.09660347382788,-0.3911710327300344,17.009082421373098,20.18092750964836
5313,7.30241935483871,-42.992788673978076,-0.4791783785597728,16.991258502469194,22.21284972133356
5314,7.303763440860215,-50.4535909956819,-0.5623331417080604,17.47644910161933,23.872816430496094
5315,7.30510752688172,-49.241464732925515,-0.5488233249431648,17.93001362590523,25.43638181049849
5316,7.306451612903226,-61.63632399422115,-0.686970878207117,18.811504613423203,26.137535465531187
5317,7.307795698924731,-65.16682173228445,-0.7263202257096217,18.704248363770482,27.874357612983314
5318,7.309139784946237,-68.83115311780792,-0.7671612231414441,19.40345969398074,29.098828203709733
5319,7.310483870967742,-72.10075994816404,-0.8036027973640134,19.96140662282305,30.201945852559938
5320,7.311827956989247,-45.90409403043767,-0.5116264849335994,20.487130568456756,31.21411431489048
5321,7.313172043010753,-31.507659396050965,-0.3511702684862454,22.445364921979362,29.27486950574913
5322,7.314516129032258,-23.08545713847818,-0.25730017198494853,22.66103649190702,27.348672939464528
5323,7.315860215053763,-13.543456893928512,-0.15094930835353867,22.350414842602163,25.785015583031026
5324,7.317204301075269,-8.755939327821567,-0.09758978050225338,22.130910115347117,24.14587420277344
5325,7.318548387096774,0.0,0.0,21.600793044836514,22.903481378798983
5326,7.31989247311828,0.0,0.0,21.363277834396232,21.363277834396232
5327,7.321236559139785,0.0,0.0,20.560775802358407,20.560775802358407
5328,7.32258064516129,0.0,0.0,20.004951477392538,20.004951477392538
5329,7.323924731182796,0.0,0.0,19.575649876239396,19.575649876239396
5330,7.325268817204301,0.0,0.0,19.220656302976376,19.220656302976376
5331,7.326612903225806,0.0,0.0,18.908751009151416,18.908751009151416
5332,7.327956989247312,0.0,0.0,18.637218176363483,18.637218176363483
5333,7.329301075268817,0.0,0.0,18.400009374010963,18.400009374010963
5334,7.330645161290323,-1.3535833458313689,-0.015086434095250154,18.194506430149332,18.194506430149332
5335,7.331989247311828,-30.443766603582755,-0.3393125956304042,17.954802003876658,18.156184992913325
5336,7.333333333333333,-47.17297253610437,-0.5257688367951042,16.400205342203225,20.92955828899099
5337,7.334677419354839,-54.45843583866732,-0.6069693497195389,16.57994636340205,23.598231746656754
5338,7.336021505376344,-57.68060795853123,-0.6428822378912107,17.417358969028946,25.519558675628065
5339,7.337365591397849,-52.41874328750216,-0.5842358495309516,18.27054097367199,26.85212797081897
5340,7.338709677419355,-64.13426973067716,-0.7148118632802664,19.331852649377083,27.13059163157051
5341,7.34005376344086,-67.97309308693984,-0.757597670113604,19.120102400141715,28.661850219235102
5342,7.341397849462366,-72.89698544571192,-0.8124771703612195,19.717187782551594,29.830066832129447
5343,7.342741935483871,-76.04715845143585,-0.8475875886342077,20.181708717402444,31.02715304562244
5344,7.344086021505376,-51.39550881831298,-0.5728313361473082,20.746026024834006,32.06014578248289
5345,7.345430107526882,-38.72366472967889,-0.4315966339790088,22.644339657138374,30.290844189546885
5346,7.346774193548387,-31.732974270888977,-0.35368152722800794,22.85126355043444,28.61248052590394
5347,7.348118279569892,-20.02337716652549,-0.22317159923505533,22.588286311943996,27.309444583709112
5348,7.349462365591398,-13.381670649213996,-0.14914611128708508,22.610928258961238,25.58995984709501
5349,7.350806451612903,0.0,0.0,22.179011645036542,24.16990555041906
5350,7.352150537634409,0.0,0.0,22.11883092034352,22.11883092034352
5351,7.353494623655914,0.0,0.0,21.116338201340227,21.116338201340227
5352,7.354838709677419,0.0,0.0,20.448136747546076,20.448136747546076
5353,7.356182795698925,0.0,0.0,19.94765876761224,19.94765876761224
5354,7.35752688172043,0.0,0.0,19.54362802175406,19.54362802175406
5355,7.358870967741936,0.0,0.0,19.196398192122984,19.196398192122984
5356,7.360215053763441,0.0,0.0,18.89891505489423,18.89891505489423
5357,7.361559139784946,0.0,0.0,18.640757923994585,18.640757923994585
5358,7.362903225806452,-1.1384330518131165,-0.012688465221537054,18.418252349081808,18.418252349081808
5359,7.364247311827957,-5.261864671029077,-0.05864638836025906,18.174758235755547,18.344131663330817
5360,7.365591397849462,-9.82406736229801,-0.1094946574697818,17.850986694613006,18.633834709566557
5361,7.366935483870968,-13.564633103969678,-0.15118532891197498,17.666963657634675,19.128565601844475
5362,7.368279569892473,-17.328916200887452,-0.19314034337961683,17.642464354071354,19.66057898888561
5363,7.369623655913978,-15.246871229639954,-0.16993480207415698,17.668164526281092,20.246320464774293
5364,7.370967741935484,-18.561371625283346,-0.20687673988061117,18.03269461657157,20.301088735883212
5365,7.372311827956989,-15.262965149271238,-0.17011417769856857,17.941991165400523,20.703508961871414
5366,7.373655913978495,-14.420151989632808,-0.16072055947280267,18.295792105740524,20.566580641066995
5367,7.375,-14.132155533072943,-0.1575106798780686,18.336642154284867,20.482038903571613
5368,7.376344086021505,-9.032924155160025,-0.10067692940660054,18.338823852336656,20.441373157147513
5369,7.377688172043011,0.0,0.0,18.588529344124613,19.932426837921245
5370,7.379032258064516,0.0,0.0,18.852327398509416,18.852327398509416
5371,7.380376344086022,0.0,0.0,18.39842289609641,18.39842289609641
5372,7.381720430107527,0.0,0.0,18.120621977057077,18.120621977057077
5373,7.383064516129032,0.0,0.0,17.92371810545343,17.92371810545343
5374,7.384408602150538,0.0,0.0,17.764884394250156,17.764884394250156
5375,7.385752688172043,0.0,0.0,17.623879947170717,17.623879947170717
5376,7.387096774193548,0.0,0.0,17.49320564236014,17.49320564236014
5377,7.388440860215054,0.0,0.0,17.37160166911805,17.37160166911805
5378,7.389784946236559,0.0,0.0,17.25760780478753,17.25760780478753
5379,7.391129032258064,0.0,0.0,17.149384156240348,17.149384156240348
5380,7.39247311827957,0.0,0.0,17.05471340010084,17.05471340010084
5381,7.393817204301075,0.0,0.0,16.972123522363674,16.972123522363674
5382,7.395161290322581,0.0,0.0,16.89908485968518,16.89908485968518
5383,7.396505376344086,0.0,0.0,16.836827164241274,16.836827164241274
5384,7.397849462365591,0.0,0.0,16.782571124803756,16.782571124803756
5385,7.399193548387097,0.0,0.0,16.73375394018597,16.73375394018597
5386,7.400537634408602,0.0,0.0,16.688112380657362,16.688112380657362
5387,7.401881720430108,0.0,0.0,16.64470238954886,16.64470238954886
5388,7.403225806451613,0.0,0.0,16.603473684752586,16.603473684752586
5389,7.404569892473118,0.0,0.0,16.567844876021056,16.567844876021056
5390,7.405913978494624,0.0,0.0,16.54046078238845,16.54046078238845
5391,7.407258064516129,0.0,0.0,16.51795974086138,16.51795974086138
5392,7.408602150537634,0.0,0.0,16.498168528374435,16.498168528374435
5393,7.40994623655914,0.0,0.0,16.479276998730395,16.479276998730395
5394,7.411290322580645,0.0,0.0,16.461601995571108,16.461601995571108
5395,7.412634408602151,0.0,0.0,16.439668198254278,16.439668198254278
5396,7.413978494623656,0.0,0.0,16.413351916742876,16.413351916742876
5397,7.415322580645161,0.0,0.0,16.3859754055687,16.3859754055687
5398,7.416666666666667,0.0,0.0,16.355590010691294,16.355590010691294
5399,7.418010752688172,0.0,0.0,16.32173754029135,16.32173754029135
5400,7.419354838709677,0.0,0.0,16.283397822314317,16.283397822314317
5401,7.420698924731183,0.0,0.0,16.241610522120723,16.241610522120723
5402,7.422043010752688,0.0,0.0,16.196611956214788,16.196611956214788
5403,7.423387096774194,0.0,0.0,16.1487701027913,16.1487701027913
5404,7.424731182795699,0.0,0.0,16.105841618418577,16.105841618418577
5405,7.426075268817204,0.0,0.0,16.06895903598836,16.06895903598836
5406,7.42741935483871,-0.6801798665222711,-0.00758098033697489,16.03563544697968,16.03563544697968
5407,7.428763440860215,-29.595871153534443,-0.3298623324706136,15.972428827554186,16.073624409654588
5408,7.43010752688172,-41.06405946342862,-0.45768162609739194,14.522415912210596,18.925620941585528
5409,7.431451612903226,-44.28707863169418,-0.49360395509140126,15.047240991110842,21.15665646389468
5410,7.432795698924731,-54.895512813917,-0.6118408140456647,15.961841787179818,22.550770572407036
5411,7.434139784946237,-55.50538766310259,-0.6186382061286309,16.238591400454837,24.405818405140888
5412,7.435483870967742,-66.39588896307377,-0.7400188589212665,17.17677347439609,25.434736243854605
5413,7.436827956989247,-68.87096439268531,-0.7676049417913045,17.326851567906214,27.205077848030832
5414,7.438172043010753,-64.14104611789034,-0.714887389858966,18.153199477239994,28.3996617360662
5415,7.439516129032258,-59.04943817559224,-0.658138606788535,19.16469656363242,28.707452557889948
5416,7.440860215053763,-27.369827954007008,-0.3050518513677867,19.832973467152133,28.61821184745509
5417,7.442204301075269,-11.929829688791614,-0.13296454180069034,21.60806781641638,25.680087304371813
5418,7.443548387096774,-8.588223744295528,-0.09572049767943765,21.402320755644343,23.177213132110186
5419,7.44489247311828,-5.277958590660364,-0.058825763984670675,20.505761368946533,21.783497367596574
5420,7.446236559139785,-1.4984286225129486,-0.01670081471495465,19.93955370582705,20.72479613679543
5421,7.44758064516129,0.0,0.0,19.534359867906478,19.757292601076607
5422,7.448924731182796,0.0,0.0,19.046599528374184,19.046599528374184
5423,7.450268817204301,0.0,0.0,18.583607249171408,18.583607249171408
5424,7.451612903225806,0.0,0.0,18.23127408600557,18.23127408600557
5425,7.452956989247312,0.0,0.0,17.946215439954397,17.946215439954397
5426,7.454301075268817,0.0,0.0,17.705691286905207,17.705691286905207
5427,7.455645161290323,0.0,0.0,17.495496492541577,17.495496492541577
5428,7.456989247311828,0.0,0.0,17.313156250436254,17.313156250436254
5429,7.458333333333333,0.0,0.0,17.156655528490234,17.156655528490234
5430,7.459677419354839,0.0,0.0,17.025762311977598,17.025762311977598
5431,7.461021505376344,-12.638809200969874,-0.14086651009713866,16.92034366226803,16.92034366226803
5432,7.462365591397849,-28.18638261319439,-0.3141528041010915,16.196271135427914,18.076643838441747
5433,7.463709677419355,-36.07917961973801,-0.4021223866414801,15.819616164585783,20.013120759819905
5434,7.46505376344086,-44.93252951374894,-0.5007978617125406,16.22953361928386,21.59731023694831
5435,7.466397849462366,-43.67974492771352,-0.48683488547544734,16.56324316423973,23.248200633851138
5436,7.467741935483871,-56.038181107738346,-0.6245764833788889,17.462512075829,23.961083161970304
5437,7.469086021505376,-57.03939231848471,-0.6357355353817586,17.352068647307085,25.689299189045993
5438,7.470430107526882,-60.248858712323916,-0.6715068112183686,18.16332405080402,26.649512473044393
5439,7.471774193548387,-59.25018864678249,-0.6603760816825113,18.631879664947746,27.595565049303218
5440,7.473118279569892,-31.62624617228149,-0.35249198361348877,19.281675464726618,28.096781034267178
5441,7.474462365591398,-17.216258763468446,-0.19188471400873555,21.086380428847605,25.79165994177754
5442,7.475806451612903,-12.523610618345927,-0.13958255825924504,21.10722019481922,23.668615221208615
5443,7.477150537634409,-7.951243346257235,-0.08862099928167286,20.480987674450766,22.344221399674247
5444,7.478494623655914,-4.6460604830319525,-0.05178291052093061,20.060253404402925,21.243220937623946
5445,7.479838709677419,0.0,0.0,19.654452681589234,20.345682778501697
5446,7.481182795698925,0.0,0.0,19.379099566364456,19.379099566364456
5447,7.48252688172043,0.0,0.0,18.841431780156952,18.841431780156952
5448,7.483870967741936,0.0,0.0,18.459108646650655,18.459108646650655
5449,7.485215053763441,0.0,0.0,18.161520320912324,18.161520320912324
5450,7.486559139784946,0.0,0.0,17.916333324119314,17.916333324119314
5451,7.487903225806452,0.0,0.0,17.704510467561963,17.704510467561963
5452,7.489247311827957,0.0,0.0,17.519766383045877,17.519766383045877
5453,7.490591397849462,0.0,0.0,17.356225432988012,17.356225432988012
5454,7.491935483870968,0.0,0.0,17.216564915214693,17.216564915214693
5455,7.493279569892473,-17.75328745011243,-0.19787019537068087,17.101878984985426,17.101878984985426
5456,7.494623655913978,-29.00039612717683,-0.32322543436738393,16.112818826420785,18.75411173456816
5457,7.495967741935484,-34.86959450218657,-0.388640892343597,16.140287215245547,20.454898852071807
5458,7.497311827956989,-37.43191591716773,-0.41719937991439277,16.59515856219212,21.782975913057847
5459,7.498655913978495,-32.91037154917783,-0.36680427027706775,17.143135552276817,22.712169137082416
5460,7.5,-43.843225269231326,-0.4886569641865758,17.908775821809392,22.805104528343573
5461,7.501344086021505,-45.9447523537167,-0.5120796444057971,17.57142944095836,24.094322752934506
5462,7.502688172043011,-45.864282755560275,-0.5111827662837392,18.086950657013947,24.922504291768547
5463,7.504032258064516,-45.44753494195011,-0.506537881693712,18.599586020831424,25.42316757551188
5464,7.505376344086022,-20.523135723497024,-0.22874168441415274,18.996950347305116,25.758529129391054
5465,7.506720430107527,-9.103229172496698,-0.10146051766060916,20.53501320538183,23.58839771187082
5466,7.508064516129032,-6.022514135707782,-0.06712424681929201,20.40504245426978,21.759399765394345
5467,7.509408602150538,-2.324300814118446,-0.025905616493971485,19.781313838783866,20.677329515911964
5468,7.510752688172043,-0.6107218975872447,-0.006806832905303731,19.401774354812332,19.74757843611184
5469,7.512096774193548,0.0,0.0,18.982703927359598,19.07356571402758
5470,7.513440860215054,0.0,0.0,18.58950744925836,18.58950744925836
5471,7.514784946236559,0.0,0.0,18.243243065871248,18.243243065871248
5472,7.516129032258064,0.0,0.0,17.964836751660556,17.964836751660556
5473,7.51747311827957,0.0,0.0,17.7315390482623,17.7315390482623
5474,7.518817204301075,0.0,0.0,17.52985109191899,17.52985109191899
5475,7.520161290322581,0.0,0.0,17.34976853310181,17.34976853310181
5476,7.521505376344086,0.0,0.0,17.19643627378148,17.19643627378148
5477,7.522849462365591,0.0,0.0,17.0648410684758,17.0648410684758
5478,7.524193548387097,0.0,0.0,16.953227302587553,16.953227302587553
5479,7.525537634408602,-6.329145657103874,-0.07054182450545005,16.86222387589501,16.86222387589501
5480,7.526881720430108,-24.809200635829143,-0.27651224544166575,16.46663523935713,17.408270842662496
5481,7.528225806451613,-36.541668047037085,-0.4072770756377295,15.71238814549474,19.403443443301335
5482,7.529569892473118,-44.34467792300615,-0.494245931010348,15.909799093299048,21.34638366591595
5483,7.530913978494624,-42.329549775488736,-0.47178621466954695,16.419581209066504,23.017079483188898
5484,7.532258064516129,-56.44645843733204,-0.6291269597455414,17.381558839453803,23.67925102414051
5485,7.533602150537634,-61.48131413671981,-0.685243207719363,17.169997532337533,25.567970627715784
5486,7.53494623655914,-65.35994876785989,-0.7284727332025611,17.844199350944653,26.991246593277815
5487,7.536290322580645,-66.2569730252037,-0.738470564057924,18.477508490965725,28.201609992872665
5488,7.53763440860215,-38.6965591808262,-0.4312945276642104,19.182823388553516,29.04038207781329
5489,7.538978494623656,-23.359053772210054,-0.26034955759994594,21.16253849431363,26.91972276912658
5490,7.540322580645161,-16.412409830305762,-0.18292537361049252,21.35760789726613,24.832913709947086
5491,7.541666666666667,-9.794420668240376,-0.10916422868797093,20.907335827962946,23.34913607550641
5492,7.543010752688172,-7.035584024077192,-0.078415470334886,20.559271954237282,22.016463132103976
5493,7.544354838709677,0.0,0.0,20.047978545341525,21.09471640950833
5494,7.545698924731183,0.0,0.0,19.874153446151904,19.874153446151904
5495,7.547043010752688,0.0,0.0,19.22898078655458,19.22898078655458
5496,7.548387096774194,0.0,0.0,18.77568609699499,18.77568609699499
5497,7.549731182795699,0.0,0.0,18.424873794425405,18.424873794425405
5498,7.551075268817204,0.0,0.0,18.13548601722816,18.13548601722816
5499,7.55241935483871,0.0,0.0,17.883309491988832,17.883309491988832
5500,7.553763440860215,0.0,0.0,17.66773026355891,17.66773026355891
5501,7.55510752688172,-0.08978713057454639,-0.0010007271677700356,17.481808445203235,17.481808445203235
5502,7.556451612903226,-3.215395732650736,-0.035837361592972204,17.319454030246753,17.332812351171587
5503,7.557795698924731,-36.79917076113767,-0.41014708562831526,17.03687568313367,17.51525479851739
5504,7.559139784946236,-49.1576069411625,-0.5478886835317569,15.364337153619779,20.839232382473945
5505,7.560483870967742,-57.21727248283051,-0.6377181080726239,16.005495705822074,23.319050390273844
5506,7.561827956989247,-62.27330439225945,-0.6940703766048818,16.790104831933007,25.302757852232016
5507,7.563172043010753,-58.2735418396839,-0.649490813527428,17.59445360461832,26.85933131926017
5508,7.564516129032258,-70.58369626081486,-0.7866942845576347,18.701258686226847,27.371061010235945
5509,7.565860215053764,-75.46100095749637,-0.8410545395766902,18.584010624814702,29.085289156376916
5510,7.567204301075269,-81.27175299279247,-0.9058185808116188,19.237785635087583,30.46469824103849
5511,7.568548387096774,-83.72734630916615,-0.9331875247678955,19.778670016902872,31.870092826102546
5512,7.56989247311828,-56.83864184729445,-0.6334980604877822,20.500636285101663,32.95739656940603
5513,7.571236559139785,-42.36597285675955,-0.4721921700300575,22.575913067060895,31.032234300063664
5514,7.57258064516129,-31.22305113309768,-0.34799815218086105,22.84567414630595,29.1487852724999
5515,7.573924731182796,-22.455253127653062,-0.25027620016588337,22.726998009983017,27.37229110064671
5516,7.575268817204301,-18.142082666468248,-0.20220353282357187,22.418449479633722,25.759289929797703
5517,7.576612903225806,0.0,0.0,21.879483162414136,24.578620120603954
5518,7.577956989247312,0.0,0.0,22.148144414600438,22.148144414600438
5519,7.579301075268817,0.0,0.0,21.01855475681223,21.01855475681223
5520,7.580645161290323,0.0,0.0,20.283491241736428,20.283491241736428
5521,7.581989247311828,0.0,0.0,19.744172959927972,19.744172959927972
5522,7.583333333333333,0.0,0.0,19.318651017347626,19.318651017347626
5523,7.584677419354839,0.0,0.0,18.95974010975803,18.95974010975803
5524,7.586021505376344,0.0,0.0,18.656302134882065,18.656302134882065
5525,7.58736559139785,-0.15162166389475285,-0.0016899071984041163,18.39481406525193,18.39481406525193
5526,7.588709677419355,-0.22023258442813265,-0.002454613807737823,18.163386741406647,18.185944660704248
5527,7.59005376344086,-3.0713975043708035,-0.03423242179560517,17.97831745887442,18.011083151708924
5528,7.591397849462366,-5.461768093817689,-0.060874422431898,17.680408986295156,18.137364379440935
5529,7.592741935483871,-9.794420668240376,-0.10916422868797093,17.53338175308658,18.345970935382216
5530,7.594086021505376,-13.428258311304562,-0.149665356515645,17.350217260357326,18.807408438224023
5531,7.595430107526882,-7.691199486951708,-0.08572266682407473,17.32469440551062,19.32251951514659
5532,7.596774193548387,-8.713586907739234,-0.09711773938538072,17.824797110102896,18.9690759214001
5533,7.598118279569892,-9.59282314864847,-0.10691731297165709,17.670349797652523,18.966737036839127
5534,7.599462365591398,-8.600082421918579,-0.09585266919216197,17.610848905091125,19.0380468718247
5535,7.600806451612903,-7.5243309518273165,-0.08386282482359646,17.683794220051087,18.96329452523837
5536,7.602150537634409,-3.2043841034293297,-0.035714630902585316,17.712755963844693,18.83220846172499
5537,7.603494623655914,0.0,0.0,17.872313317390773,18.34905414813277
5538,7.604838709677419,0.0,0.0,17.83232565653665,17.83232565653665
5539,7.606182795698925,0.0,0.0,17.58826811664979,17.58826811664979
5540,7.60752688172043,0.0,0.0,17.426832733706338,17.426832733706338
5541,7.608870967741936,0.0,0.0,17.303509389140732,17.303509389140732
5542,7.610215053763441,0.0,0.0,17.19629412094903,17.19629412094903
5543,7.611559139784946,0.0,0.0,17.095895396223902,17.095895396223902
5544,7.612903225806452,0.0,0.0,16.997742997187064,16.997742997187064
5545,7.614247311827957,0.0,0.0,16.9042011337799,16.9042011337799
5546,7.615591397849462,0.0,0.0,16.816326269418845,16.816326269418845
5547,7.616935483870968,0.0,0.0,16.731884443690507,16.731884443690507
5548,7.618279569892473,0.0,0.0,16.65810947051267,16.65810947051267
5549,7.619623655913978,0.0,0.0,16.595002564213445,16.595002564213445
5550,7.620967741935484,0.0,0.0,16.53956181304912,16.53956181304912
5551,7.622311827956989,0.0,0.0,16.491190237110096,16.491190237110096
5552,7.623655913978495,0.0,0.0,16.44737218015568,16.44737218015568
5553,7.625,0.0,0.0,16.407632706333715,16.407632706333715
5554,7.626344086021505,0.0,0.0,16.37028769720121,16.37028769720121
5555,7.627688172043011,0.0,0.0,16.334622952871314,16.334622952871314
5556,7.629032258064516,0.0,0.0,16.300880763877053,16.300880763877053
5557,7.630376344086022,0.0,0.0,16.273133918234432,16.273133918234432
5558,7.631720430107527,0.0,0.0,16.25340741702006,16.25340741702006
5559,7.633064516129032,0.0,0.0,16.237605067088776,16.237605067088776
5560,7.634408602150538,0.0,0.0,16.22454547583631,16.22454547583631
5561,7.635752688172043,0.0,0.0,16.212522307588234,16.212522307588234
5562,7.637096774193548,0.0,0.0,16.201263933613266,16.201263933613266
5563,7.638440860215054,0.0,0.0,16.184449490024694,16.184449490024694
5564,7.639784946236559,0.0,0.0,16.164094353472997,16.164094353472997
5565,7.641129032258064,0.0,0.0,16.142666404923034,16.142666404923034
5566,7.64247311827957,0.0,0.0,16.11711857890495,16.11711857890495
5567,7.643817204301075,0.0,0.0,16.086897617457392,16.086897617457392
5568,7.645161290322581,0.0,0.0,16.05101723694917,16.05101723694917
5569,7.646505376344086,0.0,0.0,16.010972233334478,16.010972233334478
5570,7.647849462365591,0.0,0.0,15.968068941835494,15.968068941835494
5571,7.649193548387097,0.0,0.0,15.922120190159758,15.922120190159758
5572,7.650537634408602,0.0,0.0,15.880863928528136,15.880863928528136
5573,7.651881720430108,0.0,0.0,15.846208705183464,15.846208705183464
5574,7.653225806451613,0.0,0.0,15.816220335866252,15.816220335866252
5575,7.654569892473118,-9.686845521231248,-0.10796524425111438,15.789944963563032,15.789944963563032
5576,7.655913978494624,-24.083280155617953,-0.2684214606984684,15.280189016821627,16.721375413957624
5577,7.657258064516129,-32.803643450570355,-0.3656147266625487,14.910233590113982,18.49328812346224
5578,7.658602150537634,-43.918612576977885,-0.48949719737460917,15.22367972974299,20.10412967744199
5579,7.65994623655914,-40.7023697959255,-0.4536503949592995,15.45326225333983,21.987371514017017
5580,7.661290322580645,-51.52595427216657,-0.574285222787276,16.548396790981165,22.604000914379114
5581,7.66263440860215,-50.22742907244224,-0.5598124421439603,16.50245900964091,24.168370913959087
5582,7.663978494623656,-48.775588112019854,-0.5436308726575656,17.373666516269893,24.84638685476003
5583,7.665322580645161,-51.16087641105686,-0.5702162283598337,17.963225360808465,25.219944170381925
5584,7.666666666666667,-26.145843013627577,-0.2914098630901668,18.203462460750075,25.815058928100292
5585,7.668010752688172,-10.403448469024326,-0.11595217994859976,19.86351341542639,23.753431264359303
5586,7.669354838709677,-3.549979851301169,-0.039566486416266214,20.02789706812616,21.575697988869802
5587,7.670698924731183,-1.018999227180937,-0.011357309271956158,19.49444462871115,20.02260239282421
5588,7.672043010752688,-0.06691682373008645,-0.0007458249646588,18.875883884219206,19.027488224526536
5589,7.673387096774194,0.0,0.0,18.370335455592922,18.38029118533879
5590,7.674731182795699,0.0,0.0,17.957843652094727,17.957843652094727
5591,7.676075268817204,0.0,0.0,17.645432363142245,17.645432363142245
5592,7.67741935483871,0.0,0.0,17.39508446056155,17.39508446056155
5593,7.678763440860215,0.0,0.0,17.18662568232554,17.18662568232554
5594,7.68010752688172,0.0,0.0,17.008910069087648,17.008910069087648
5595,7.681451612903226,0.0,0.0,16.85292332436515,16.85292332436515
5596,7.682795698924731,0.0,0.0,16.717807125300148,16.717807125300148
5597,7.684139784946236,0.0,0.0,16.598831118486203,16.598831118486203
5598,7.685483870967742,0.0,0.0,16.497156856399954,16.497156856399954
5599,7.686827956989247,-10.169663110169848,-0.1133465129834627,16.415904437350626,16.415904437350626
5600,7.688172043010753,-29.965184256652385,-0.3339785310097431,15.838158781444111,17.351177659024977
5601,7.689516129032258,-38.893074410008225,-0.4334847984464995,15.175177893169371,19.633328468989852
5602,7.690860215053764,-47.4804511059021,-0.5291958553035996,15.658881707057745,21.44530306163071
5603,7.692204301075269,-45.588144976623454,-0.5081050582017292,16.118736458147694,23.182767789475182
5604,7.693548387096774,-58.83428788157398,-0.6557406379148217,17.113814811913645,23.896313228655455
5605,7.69489247311828,-63.85474375813377,-0.7116963919089069,16.98256556444898,25.735794383290536
5606,7.696236559139785,-67.87907071435707,-0.7565497388341468,17.651733149716602,27.15189374328928
5607,7.69758064516129,-66.33574852655684,-0.7393485605353071,18.277678039941335,28.376568659116767
5608,7.698924731182796,-39.207329367019135,-0.4369873435336946,19.11238563117727,28.981664356720152
5609,7.700268817204301,-23.545404420572318,-0.26242653851418557,20.982043651070015,26.815219128879903
5610,7.701612903225806,-16.449679959978216,-0.18334076979334046,21.158204665310556,24.66123529500532
5611,7.702956989247312,-9.320073563318244,-0.10387736817899718,20.678932466032272,23.1262776769785
5612,7.704301075268817,-6.364721689973033,-0.07093833904362307,20.32977026760935,21.71638918398635
5613,7.705645161290323,0.0,0.0,19.791566192996346,20.73849471591344
5614,7.706989247311828,0.0,0.0,19.557414982408215,19.557414982408215
5615,7.708333333333333,0.0,0.0,18.927508564210335,18.927508564210335
5616,7.709677419354839,0.0,0.0,18.490466708133475,18.490466708133475
5617,7.711021505376344,0.0,0.0,18.15628789414295,18.15628789414295
5618,7.71236559139785,0.0,0.0,17.884987001539784,17.884987001539784
5619,7.713709677419355,0.0,0.0,17.652127016184643,17.652127016184643
5620,7.71505376344086,0.0,0.0,17.44942891043447,17.44942891043447
5621,7.716397849462366,0.0,0.0,17.271132811518598,17.271132811518598
5622,7.717741935483871,0.0,0.0,17.119286437177283,17.119286437177283
5623,7.719086021505376,-22.457794272858003,-0.25030452263289577,16.99451182367634,16.99451182367634
5624,7.720430107526882,-34.15553269959844,-0.380682279113124,15.761862680947743,19.103081196798275
5625,7.721774193548387,-40.90312026711576,-0.4558878698532759,15.941490008504598,21.02307090144923
5626,7.723118279569892,-48.492673945869875,-0.5404776379968563,16.471158242201593,22.556629554837144
5627,7.724462365591398,-48.62057825451851,-0.5419032021698116,16.87967732067423,24.09430481714491
5628,7.725806451612903,-61.04254306466684,-0.6803528617485622,17.682699994005556,24.91635679669935
5629,7.727150537634409,-66.40944173750012,-0.7401699120786657,17.61943134032742,26.701199240782614
5630,7.728494623655914,-70.79037607081665,-0.7889978452079733,18.25380744604958,28.134050076502476
5631,7.729838709677419,-71.25286449811573,-0.7941525342042227,18.868039959603465,29.400067833671905
5632,7.731182795698925,-41.63751123134342,-0.4640730628198478,19.622145317175338,30.22298114619623
5633,7.73252688172043,-26.0137034629707,-0.28993709480552415,21.70875840652814,27.9034907025772
5634,7.733870967741936,-18.29455137876465,-0.20390288084431343,21.846355161823592,25.716613595055804
5635,7.735215053763441,-12.00267585133323,-0.13377645252171136,21.386141580046353,24.10796247942929
5636,7.736559139784946,-7.534495532647077,-0.08397611469164591,20.962895203216327,22.74862546269666
5637,7.737903225806452,0.0,0.0,20.509346200696665,21.63031096132317
5638,7.739247311827957,0.0,0.0,20.27016728745277,20.27016728745277
5639,7.740591397849462,0.0,0.0,19.55077836356056,19.55077836356056
5640,7.741935483870968,0.0,0.0,19.04785755199395,19.04785755199395
5641,7.743279569892473,0.0,0.0,18.660054641951042,18.660054641951042
5642,7.744623655913978,0.0,0.0,18.342647149665453,18.342647149665453
5643,7.745967741935484,0.0,0.0,18.068166088310164,18.068166088310164
5644,7.747311827956989,0.0,0.0,17.833454000615426,17.833454000615426
5645,7.748655913978495,0.0,0.0,17.631262621496862,17.631262621496862
5646,7.75,0.0,0.0,17.460570994940703,17.460570994940703
5647,7.751344086021505,-16.238764907968196,-0.18099000503131463,17.32051861363331,17.32051861363331
5648,7.752688172043011,-30.24555727759743,-0.33710344320344016,16.38638779605872,18.802353555021135
5649,7.754032258064516,-36.32651775301883,-0.40487910676401634,16.20013775265799,20.700001575894703
5650,7.755376344086022,-44.74279067178009,-0.4986831175089511,16.701282841817193,22.105857852972697
5651,7.756720430107527,-41.90348442946047,-0.46703748103380804,16.99013493015937,23.6468634951749
5652,7.758064516129032,-56.814077443646696,-0.6332242766399961,17.91455626698498,24.148859438226477
5653,7.759408602150538,-63.48288950981089,-0.707551870902765,17.581823133201794,26.034489731234558
5654,7.760752688172043,-65.86394256683965,-0.7340900224933458,18.150615895715987,27.595452877156564
5655,7.762096774193548,-59.65592483117126,-0.6648982355821516,18.89906754196631,28.69815207170605
5656,7.763440860215054,-30.274356923253418,-0.33742443116291354,19.920066544856482,28.795536602349834
5657,7.764784946236559,-17.104448374451085,-0.19063852546019175,21.692830297643127,26.196978865327427
5658,7.766129032258064,-11.573222311698371,-0.1289899555966226,21.53062401534584,24.07538415152695
5659,7.76747311827957,-7.110124283422097,-0.07924626270058185,20.928841327995727,22.65067848644878
5660,7.768817204301075,-5.832775293738928,-0.06500950261570249,20.45453551030041,21.51236330127274
5661,7.770161290322581,0.0,0.0,19.91606865202441,20.78385542455663
5662,7.771505376344086,0.0,0.0,19.746569007956644,19.746569007956644
5663,7.772849462365591,0.0,0.0,19.17719178103699,19.17719178103699
5664,7.774193548387097,0.0,0.0,18.765015082148526,18.765015082148526
5665,7.775537634408602,0.0,0.0,18.437128146100843,18.437128146100843
5666,7.776881720430108,0.0,0.0,18.16125366023108,18.16125366023108
5667,7.778225806451613,0.0,0.0,17.917066677384614,17.917066677384614
5668,7.779569892473118,0.0,0.0,17.705826360735482,17.705826360735482
5669,7.780913978494624,0.0,0.0,17.52437291543048,17.52437291543048
5670,7.782258064516129,0.0,0.0,17.372489481990602,17.372489481990602
5671,7.783602150537634,-15.484044782101018,-0.17257823232864383,17.24871684520614,17.24871684520614
5672,7.78494623655914,-29.724622510584734,-0.33129733746590645,16.3659455563984,18.669625806454892
5673,7.786290322580645,-36.94316898941761,-0.41175202542568234,16.151405673511675,20.57376603100524
5674,7.78763440860215,-44.89864757768308,-0.5004202288190425,16.59759098763236,22.09390993872447
5675,7.788978494623656,-43.72040325099257,-0.48728804494764516,16.954344751538713,23.63426134532943
5676,7.790322580645161,-59.20868327510182,-0.6599134813879762,17.804399387078284,24.30901952420442
5677,7.791666666666667,-66.15702131380941,-0.7373565470221046,17.515783175117022,26.324713671777232
5678,7.793010752688172,-70.01532678330994,-0.7803594927692036,18.139139451162674,27.98182755675141
5679,7.794354838709677,-71.34265162869028,-0.7951532613719928,18.86948557883682,29.286203418506915
5680,7.795698924731183,-44.42091227915435,-0.4950956050207188,19.608813996452064,30.22300814639779
5681,7.797043010752688,-30.274356923253418,-0.33742443116291354,21.611004830539112,28.219845075258064
5682,7.798387096774194,-22.160480283880023,-0.2469907939924497,21.80948327563971,26.31363184332401
5683,7.799731182795699,-12.607468410108947,-0.1405171996706529,21.506161163810344,24.803145994334297
5684,7.801075268817204,-9.635175568730803,-0.10738935408852975,21.32146957023166,23.197179463111354
5685,7.80241935483871,0.0,0.0,20.72782825619351,22.161327317702952
5686,7.803763440860215,0.0,0.0,20.62841306671275,20.62841306671275
5687,7.80510752688172,0.0,0.0,19.853018683734547,19.853018683734547
5688,7.806451612903226,0.0,0.0,19.322764388187977,19.322764388187977
5689,7.807795698924731,0.0,0.0,18.917074150371178,18.917074150371178
5690,7.809139784946236,0.0,0.0,18.5847791795582,18.5847791795582
5691,7.810483870967742,0.0,0.0,18.29573867818339,18.29573867818339
5692,7.811827956989247,0.0,0.0,18.04824841158245,18.04824841158245
5693,7.813172043010753,0.0,0.0,17.83493980287368,17.83493980287368
5694,7.814516129032258,-0.632745156030058,-0.007052294286077514,17.653486211789357,17.653486211789357
5695,7.815860215053764,-6.3435454799318665,-0.07070231848518675,17.47164623265531,17.565784588606743
5696,7.817204301075269,-14.376952521148828,-0.16023907753359257,17.081165241424518,18.02494321695368
5697,7.818548387096774,-20.560405853169478,-0.22915708059700068,16.800886006821084,18.939855639436445
5698,7.81989247311828,-24.0333042999208,-0.26786445218055865,16.838956198094003,19.897885667985754
5699,7.821236559139785,-18.320809879215695,-0.20419554633677447,17.08954759568644,20.665166837199177
5700,7.82258064516129,-20.69678064583459,-0.23067705299333063,17.7640295608914,20.489757139035373
5701,7.823924731182796,-23.638579744753457,-0.2634650289713055,17.678690466726007,20.757909461796043
5702,7.825268817204301,-26.90395133310134,-0.2998593990821874,17.681369238545656,21.198262276747325
5703,7.826612903225806,-27.945820867126738,-0.3114716105572548,17.746249117425002,21.748956562845912
5704,7.827956989247312,-22.53656977421114,-0.2511825191102789,17.98213571612917,22.139850093036376
5705,7.829301075268817,-0.005082290409879984,-5.6644934024718986e-05,18.493595426998446,21.84653397913209
5706,7.830645161290323,0.0,0.0,19.59621119477226,19.596967326145364
5707,7.831989247311828,0.0,0.0,18.757622391355675,18.757622391355675
5708,7.833333333333333,0.0,0.0,18.289735904635915,18.289735904635915
5709,7.834677419354839,0.0,0.0,17.9841138093337,17.9841138093337
5710,7.836021505376344,0.0,0.0,17.754938288336103,17.754938288336103
5711,7.83736559139785,0.0,0.0,17.561838447983227,17.561838447983227
5712,7.838709677419355,0.0,0.0,17.391242701496928,17.391242701496928
5713,7.84005376344086,0.0,0.0,17.239448444167778,17.239448444167778
5714,7.841397849462366,0.0,0.0,17.10403656814441,17.10403656814441
5715,7.842741935483871,0.0,0.0,16.98120373852271,16.98120373852271
5716,7.844086021505376,0.0,0.0,16.874660493061572,16.874660493061572
5717,7.845430107526882,0.0,0.0,16.781448050894525,16.781448050894525
5718,7.846774193548387,0.0,0.0,16.69893704311707,16.69893704311707
5719,7.848118279569892,0.0,0.0,16.630609893832208,16.630609893832208
5720,7.849462365591398,0.0,0.0,16.574221322921613,16.574221322921613
5721,7.850806451612903,0.0,0.0,16.523137418828522,16.523137418828522
5722,7.852150537634409,0.0,0.0,16.475737094080035,16.475737094080035
5723,7.853494623655914,0.0,0.0,16.43117736716307,16.43117736716307
5724,7.854838709677419,0.0,0.0,16.389138535331952,16.389138535331952
5725,7.856182795698925,0.0,0.0,16.351239709292788,16.351239709292788
5726,7.85752688172043,0.0,0.0,16.319509137242093,16.319509137242093
5727,7.858870967741936,0.0,0.0,16.292639998861514,16.292639998861514
5728,7.860215053763441,0.0,0.0,16.269387908633956,16.269387908633956
5729,7.861559139784946,0.0,0.0,16.248574461356206,16.248574461356206
5730,7.862903225806452,0.0,0.0,16.230659396519123,16.230659396519123
5731,7.864247311827957,0.0,0.0,16.21318389067343,16.21318389067343
5732,7.865591397849462,0.0,0.0,16.193462545447773,16.193462545447773
5733,7.866935483870968,0.0,0.0,16.172518815439417,16.172518815439417
5734,7.868279569892473,0.0,0.0,16.14681239794379,16.14681239794379
5735,7.869623655913978,0.0,0.0,16.115729012274688,16.115729012274688
5736,7.870967741935484,0.0,0.0,16.07856889300474,16.07856889300474
5737,7.872311827956989,0.0,0.0,16.037039557040973,16.037039557040973
5738,7.873655913978495,0.0,0.0,15.993195603683255,15.993195603683255
5739,7.875,0.0,0.0,15.948145285001436,15.948145285001436
5740,7.876344086021505,0.0,0.0,15.909335424401462,15.909335424401462
5741,7.877688172043011,0.0,0.0,15.877107513271936,15.877107513271936
5742,7.879032258064516,0.0,0.0,15.848810378632253,15.848810378632253
5743,7.880376344086022,-6.850080424116572,-0.07634793024298375,15.824246883802202,15.824246883802202
5744,7.881720430107527,-20.33847917193805,-0.22668358514458795,15.458239267309356,16.47737833635787
5745,7.883064516129032,-27.497732262655653,-0.3064774155407421,15.024578094304921,18.050489827571134
5746,7.884408602150538,-34.273272427427315,-0.3819945534180299,15.316796657150451,19.407845451329
5747,7.885752688172043,-37.11173162134529,-0.4136307490708355,15.639507776610287,20.738605713031824
5748,7.887096774193548,-53.79689103698128,-0.599596067473988,16.182865735955634,21.70426304425569
5749,7.888440860215054,-60.295446374414475,-0.6720260564469285,15.916431973347411,23.920208579547506
5750,7.889784946236559,-64.48833596256547,-0.7187581270173218,16.64236961694514,25.612986205554062
5751,7.891129032258064,-64.98894156793865,-0.7243376530187566,17.38205137450489,26.976476345924514
5752,7.89247311827957,-39.11330699443636,-0.4359394122542373,18.191648781209324,27.860552692879683
5753,7.893817204301075,-25.636766924237936,-0.28573592886535754,20.127437110783184,25.94662415819065
5754,7.895161290322581,-16.550478719774166,-0.18446422765149736,20.324276637307136,24.138455327034148
5755,7.896505376344086,-7.19567617198841,-0.08019978575666463,20.11569436897574,22.578036185488525
5756,7.897849462365591,-3.594026368186795,-0.04005740917781377,19.914491845966925,20.985047848386504
5757,7.899193548387097,0.0,0.0,19.36233470042314,19.897045603103102
5758,7.900537634408602,0.0,0.0,18.95138410515486,18.95138410515486
5759,7.901881720430108,0.0,0.0,18.41247464379576,18.41247464379576
5760,7.903225806451613,0.0,0.0,18.02896749847394,18.02896749847394
5761,7.904569892473118,0.0,0.0,17.73095107891487,17.73095107891487
5762,7.905913978494624,0.0,0.0,17.483756651976584,17.483756651976584
5763,7.907258064516129,0.0,0.0,17.268539651649444,17.268539651649444
5764,7.908602150537634,0.0,0.0,17.08106930971705,17.08106930971705
5765,7.90994623655914,0.0,0.0,16.921169762874754,16.921169762874754
5766,7.911290322580645,0.0,0.0,16.786595916532487,16.786595916532487
5767,7.91263440860215,-14.382881859960355,-0.16030516328995473,16.67663790490575,16.67663790490575
5768,7.913978494623656,-34.05134574619589,-0.3795210579656172,15.8622705944718,18.002122380355782
5769,7.915322580645161,-48.97549153480846,-0.5458589067292045,15.346522740173384,20.412602939969386
5770,7.916666666666667,-56.37022408118384,-0.6282772857351706,15.60337549007762,22.889835466993166
5771,7.918010752688172,-52.58391772582325,-0.5860768098867549,16.401445080503763,24.788076205285456
5772,7.919354838709677,-64.88051937252789,-0.7231292277595627,17.616013966062148,25.43932721788145
5773,7.920698924731183,-69.43763977338693,-0.7739208519350607,17.55333038539755,27.206103494441695
5774,7.922043010752688,-72.95458473702388,-0.8131191462801661,18.2408433553489,28.571614262276192
5775,7.923387096774194,-71.81953987881734,-0.8004684443479788,18.88688731418395,29.740901131299125
5776,7.924731182795699,-40.52787782518629,-0.4517055855577841,19.689126453142936,30.37427093026491
5777,7.926075268817204,-24.713484166443067,-0.2754454325175335,21.783609794999194,27.813253407920573
5778,7.92741935483871,-18.702828708358343,-0.2084533572109659,21.82268765974264,25.49950248335578
5779,7.928763440860215,-12.711655363511486,-0.14167842081815962,21.20379304376226,23.98635649678454
5780,7.93010752688172,-10.8803367191514,-0.1212673629245859,20.785284376424343,22.676494962452665
5781,7.931451612903226,0.0,0.0,20.220585609488527,21.83933685740842
5782,7.932795698924731,0.0,0.0,20.267604794033602,20.267604794033602
5783,7.934139784946236,0.0,0.0,19.49416655493663,19.49416655493663
5784,7.935483870967742,0.0,0.0,18.97347522597915,18.97347522597915
5785,7.936827956989247,0.0,0.0,18.583714884038184,18.583714884038184
5786,7.938172043010753,0.0,0.0,18.272492134937384,18.272492134937384
5787,7.939516129032258,0.0,0.0,18.00776290292709,18.00776290292709
5788,7.940860215053764,0.0,0.0,17.778704738752126,17.778704738752126
5789,7.942204301075269,0.0,0.0,17.577941395127418,17.577941395127418
5790,7.943548387096774,0.0,0.0,17.40734594977813,17.40734594977813
5791,7.94489247311828,-14.417610844427868,-0.1606922370057903,17.267300078132845,17.267300078132845
5792,7.946236559139785,-25.711307183582836,-0.2865667212310533,16.424149274746092,18.569167958346284
5793,7.94758064516129,-34.45030554337147,-0.3839676852865576,16.30362207223684,20.128890688769374
5794,7.948924731182796,-37.06090871724649,-0.41306429973058834,16.52586577826147,21.651302290846125
5795,7.950268817204301,-30.658069849199354,-0.3417011236817798,17.118292905790916,22.63212890035993
5796,7.951612903225806,-40.51517209916159,-0.45156397322272235,17.997144467016113,22.558380953369756
5797,7.952956989247312,-43.72040325099257,-0.48728804494764516,17.644430703793404,23.672183988282026
5798,7.954301075268817,-46.51142773441833,-0.5183955545495533,18.014980958624303,24.51960109575044
5799,7.955645161290323,-56.70226705462933,-0.6319780880914523,18.36573817164903,25.285600454504713
5800,7.956989247311828,-34.72729037070993,-0.3870548341909048,18.319907744354726,26.755939452179206
5801,7.958333333333333,-20.385913882430263,-0.22721227119548532,20.15860168838959,25.325247360808408
5802,7.959677419354839,-10.721938668043473,-0.11950192914748216,20.549464781794878,23.58243374121006
5803,7.961021505376344,-1.9507524689922673,-0.02174221384315464,20.393116049185537,21.98830120264369
5804,7.96236559139785,-0.29646694057633244,-0.003304287818108608,20.135702311352123,20.425930736728496
5805,7.963709677419355,0.0,0.0,19.477696701382232,19.521804364813292
5806,7.96505376344086,0.0,0.0,18.95348723571451,18.95348723571451
5807,7.966397849462366,0.0,0.0,18.553951582794554,18.553951582794554
5808,7.967741935483871,0.0,0.0,18.238589566536408,18.238589566536408
5809,7.969086021505376,0.0,0.0,17.97619365449276,17.97619365449276
5810,7.970430107526882,0.0,0.0,17.74986406839147,17.74986406839147
5811,7.971774193548387,0.0,0.0,17.548031822083708,17.548031822083708
5812,7.973118279569892,0.0,0.0,17.373556230662448,17.373556230662448
5813,7.974462365591398,0.0,0.0,17.219677871503194,17.219677871503194
5814,7.975806451612903,0.0,0.0,17.085913045884865,17.085913045884865
5815,7.977150537634409,-10.754973555707695,-0.11987012121864285,16.976761210235225,16.976761210235225
5816,7.978494623655914,-24.000269412256575,-0.2674962601093979,16.34557944719832,17.945679454581647
5817,7.979838709677419,-30.38616731227078,-0.3386706197114574,16.014410090926056,19.585114478513614
5818,7.981182795698925,-34.99749881083522,-0.3900664565165524,16.3725157337745,20.893299191667086
5819,7.98252688172043,-36.62891403240669,-0.4082494803384872,16.782505611377275,21.989352268466117
5820,7.983870967741936,-46.87481149872474,-0.5224456673323207,17.28528893903613,22.734853766891312
5821,7.985215053763441,-47.6202140921738,-0.5307535909892794,17.231683261706046,24.205608937738656
5822,7.986559139784946,-47.734565626396105,-0.5320281020048356,17.9280861529556,25.012911097043446
5823,7.987903225806452,-48.47234478423035,-0.5402510582607574,18.45680678754262,25.558644687525305
5824,7.989247311827957,-22.98211723347729,-0.25614839165977926,18.831858655338618,26.04346162631688
5825,7.990591397849462,-10.193380465415954,-0.11361085600891138,20.472502810383254,23.891728879559004
5826,7.991935483870968,-5.46939152943251,-0.06095938983293509,20.44102006341869,21.957567554074043
5827,7.993279569892473,-0.7199911413996644,-0.008024698986835188,19.878472309691883,20.692195689047175
5828,7.994623655913978,0.0,0.0,19.486415058314254,19.59353366950397
5829,7.995967741935484,0.0,0.0,18.945151513984257,18.945151513984257
5830,7.997311827956989,0.0,0.0,18.520402289955463,18.520402289955463
5831,7.998655913978495,0.0,0.0,18.19605285544972,18.19605285544972
5832,8.0,0.0,0.0,17.92942986483885,17.92942986483885
5833,8.001388888888888,0.0,0.0,17.7009053348444,17.7009053348444
5834,8.002777777777778,0.0,0.0,17.49873862601269,17.49873862601269
5835,8.004166666666666,0.0,0.0,17.31596289993677,17.31596289993677
5836,8.005555555555556,0.0,0.0,17.15834906835409,17.15834906835409
5837,8.006944444444445,0.0,0.0,17.022275010994633,17.022275010994633
5838,8.008333333333333,-0.7038972217683778,-0.00784532336242358,16.90677482944486,16.90677482944486
5839,8.009722222222223,-17.156118326951532,-0.19121441562277638,16.778036329061045,16.882760524235934
5840,8.011111111111111,-36.37479951191269,-0.40541723363725124,15.899781814037123,18.45222928584479
5841,8.0125,-46.28103056917043,-0.515827650873766,15.512528132722707,20.9242863919227
5842,8.01388888888889,-52.30862699528809,-0.5830085426270827,16.06881283679056,22.954397164065533
5843,8.015277777777778,-49.121183859891694,-0.5474827281712464,16.777827088599995,24.56018322437617
5844,8.016666666666667,-62.32497434475989,-0.6946462667674663,17.823735846875323,25.13187158981985
5845,8.018055555555556,-67.57413328976428,-0.7531510427926638,17.65475785697153,26.927322907239933
5846,8.019444444444444,-72.73774034620233,-0.8107022957617781,18.301350356166637,28.354873092955835
5847,8.020833333333334,-75.56857610450548,-0.8422535240135466,18.88224496507488,29.70399717693762
5848,8.022222222222222,-48.8416578873483,-0.544367256799887,19.5557501950288,30.7986675817104
5849,8.02361111111111,-33.378789315288444,-0.3720250450296794,21.612342096075977,28.87889061349979
5850,8.025,-22.760190552245863,-0.25367489620736655,21.923426613229715,26.88944542798497
5851,8.026388888888889,-13.13772070953976,-0.1464271544538986,21.729467186569046,25.115675519119257
5852,8.027777777777779,-10.802408266199905,-0.12039880726954019,21.450338319539444,23.404937919012976
5853,8.029166666666667,0.0,0.0,20.76970973752399,22.376866971056288
5854,8.030555555555555,0.0,0.0,20.72194261360609,20.72194261360609
5855,8.031944444444445,0.0,0.0,19.897313100685352,19.897313100685352
5856,8.033333333333333,0.0,0.0,19.338470193893492,19.338470193893492
5857,8.034722222222221,0.0,0.0,18.915079926661775,18.915079926661775
5858,8.036111111111111,0.0,0.0,18.57253634252651,18.57253634252651
5859,8.0375,0.0,0.0,18.276625176600984,18.276625176600984
5860,8.03888888888889,0.0,0.0,18.02323867487793,18.02323867487793
5861,8.040277777777778,-0.1151985826239463,-0.0012839518378936303,17.80412488194279,17.80412488194279
5862,8.041666666666666,-3.865928905115374,-0.04308791314813624,17.612359808272167,17.629498786062523
5863,8.043055555555556,-14.8792522233253,-0.1658374851797023,17.276107643994283,17.851271575135303
5864,8.044444444444444,-24.276407191193393,-0.2705739681914077,16.740333924042407,18.954034540699535
5865,8.045833333333333,-31.102770260063853,-0.3466575554089427,16.66410495302688,20.275892478553082
5866,8.047222222222222,-36.03259195764744,-0.4016031414129202,16.887444697140914,21.514842678641145
5867,8.04861111111111,-31.71942149646263,-0.35353047407060867,17.235734491654135,22.596579905065134
5868,8.05,-35.171143733172784,-0.3920018250957303,18.020089652854036,22.739231574290873
5869,8.051388888888889,-38.34842228774942,-0.42741434968351716,18.065346722038065,23.298027867707955
5870,8.052777777777777,-42.403242986432,-0.4726075662129054,18.232258788654477,23.93764806440981
5871,8.054166666666667,-44.21762066275915,-0.49282980765973006,18.398567470738193,24.707223560334903
5872,8.055555555555555,-38.084990234837306,-0.4244782539365692,18.738184320586385,25.316779310381182
5873,8.056944444444444,-3.8845639699516012,-0.04329561123956022,19.42790472429184,25.094101190541288
5874,8.058333333333334,-2.6283911903095984,-0.02929487171311717,21.20028442235366,21.778220835196063
5875,8.059722222222222,0.0,0.0,20.05637433775649,20.447420279546716
5876,8.061111111111112,0.0,0.0,19.48171218645809,19.48171218645809
5877,8.0625,0.0,0.0,18.932843353670716,18.932843353670716
5878,8.063888888888888,0.0,0.0,18.55183374009573,18.55183374009573
5879,8.065277777777778,0.0,0.0,18.249776027720685,18.249776027720685
5880,8.066666666666666,0.0,0.0,17.996570057288373,17.996570057288373
5881,8.068055555555556,0.0,0.0,17.77974242181739,17.77974242181739
5882,8.069444444444445,0.0,0.0,17.591394445483033,17.591394445483033
5883,8.070833333333333,0.0,0.0,17.42320746163255,17.42320746163255
5884,8.072222222222223,0.0,0.0,17.27721258379766,17.27721258379766
5885,8.073611111111111,0.0,0.0,17.14910157665308,17.14910157665308
5886,8.075,0.0,0.0,17.035727910003672,17.035727910003672
5887,8.07638888888889,0.0,0.0,16.942871027034695,16.942871027034695
5888,8.077777777777778,-4.432604285816993,-0.04940382329189241,16.868229013283532,16.868229013283532
5889,8.079166666666667,-4.7544826784427245,-0.052991335780124604,16.57811060497147,17.237583184213573
5890,8.080555555555556,-8.436602080400775,-0.09403059048103353,16.669445837053527,17.376806736592208
5891,8.081944444444444,-7.842821150846461,-0.08741257402247885,16.53847947501863,17.793657554371073
5892,8.083333333333334,-13.388447036427172,-0.1492216378657847,16.729898405275783,17.89673513587059
5893,8.084722222222222,-12.927652705931385,-0.14408583051421017,16.518233107000352,18.510135187547007
5894,8.08611111111111,-18.409749961388595,-0.20518683268220708,16.800485016165002,18.72383118555024
5895,8.0875,-18.94931979323752,-0.21120063651116475,16.668766184980147,19.407726062153436
5896,8.088888888888889,-15.085932033327085,-0.16814104583004086,16.956382814656518,19.775618639274338
5897,8.090277777777779,-12.681161621052206,-0.14133855121401132,17.374802010802156,19.619251969965507
5898,8.091666666666667,-2.3700414278073656,-0.026415420900193953,17.511413948444808,19.39808774623451
5899,8.093055555555555,0.0,0.0,17.97709026330166,18.3296995269591
5900,8.094444444444445,0.0,0.0,17.690055926300396,17.690055926300396
5901,8.095833333333333,0.0,0.0,17.371712604748215,17.371712604748215
5902,8.097222222222221,0.0,0.0,17.164827132599097,17.164827132599097
5903,8.098611111111111,0.0,0.0,17.009745520461138,17.009745520461138
5904,8.1,0.0,0.0,16.87850593181303,16.87850593181303
5905,8.10138888888889,0.0,0.0,16.761349937600414,16.761349937600414
5906,8.102777777777778,0.0,0.0,16.654172025024018,16.654172025024018
5907,8.104166666666666,0.0,0.0,16.553724405755297,16.553724405755297
5908,8.105555555555556,0.0,0.0,16.465771507708578,16.465771507708578
5909,8.106944444444444,0.0,0.0,16.38912099077215,16.38912099077215
5910,8.108333333333333,0.0,0.0,16.32280709353193,16.32280709353193
5911,8.109722222222222,0.0,0.0,16.266096763249,16.266096763249
5912,8.11111111111111,0.0,0.0,16.21750122176074,16.21750122176074
5913,8.1125,0.0,0.0,16.178362181011764,16.178362181011764
5914,8.113888888888889,0.0,0.0,16.14312918673357,16.14312918673357
5915,8.115277777777777,0.0,0.0,16.10994124038245,16.10994124038245
5916,8.116666666666667,0.0,0.0,16.0790222493864,16.0790222493864
5917,8.118055555555555,-0.1719508255342728,-0.0019164869345029924,16.05162866891294,16.05162866891294
5918,8.119444444444444,-0.6861092053337978,-0.007647066093337063,16.019883032789078,16.045465477579093
5919,8.120833333333334,0.0,0.0,15.981070827977375,16.0831485633464
5920,8.122222222222222,0.0,0.0,16.02211175750832,16.02211175750832
5921,8.123611111111112,0.0,0.0,15.994235936647746,15.994235936647746
5922,8.125,0.0,0.0,15.972517478295446,15.972517478295446
5923,8.126388888888888,0.0,0.0,15.951980725527815,15.951980725527815
5924,8.127777777777778,0.0,0.0,15.931308461403304,15.931308461403304
5925,8.129166666666666,0.0,0.0,15.91026485501736,15.91026485501736
5926,8.130555555555556,0.0,0.0,15.887974370685987,15.887974370685987
5927,8.131944444444445,0.0,0.0,15.862119876811104,15.862119876811104
5928,8.133333333333333,0.0,0.0,15.831003409798445,15.831003409798445
5929,8.134722222222223,0.0,0.0,15.799178402082786,15.799178402082786
5930,8.136111111111111,0.0,0.0,15.766506206355439,15.766506206355439
5931,8.1375,0.0,0.0,15.733835186822887,15.733835186822887
5932,8.13888888888889,0.0,0.0,15.703190510275558,15.703190510275558
5933,8.140277777777778,0.0,0.0,15.682388170324138,15.682388170324138
5934,8.141666666666667,0.0,0.0,15.665262628980983,15.665262628980983
5935,8.143055555555556,-4.4978270127437865,-0.050130766611876314,15.64933014517672,15.64933014517672
5936,8.144444444444444,-12.856500640193065,-0.14329280143786413,15.40842544218743,16.077601707384364
5937,8.145833333333334,-16.868121870391665,-0.1880045360280423,15.146329641177768,17.059089971339553
5938,8.147222222222222,-22.031728926829732,-0.24555578899715683,15.350945445464257,17.860545472796037
5939,8.14861111111111,-15.875381143661777,-0.1769398922485472,15.486755094734947,18.76458459714027
5940,8.15,-27.228370870932014,-0.303475234037432,16.247335819551136,18.609238185336626
5941,8.151388888888889,-30.529318492149063,-0.34026611868648693,15.742257613115806,19.793231444519847
5942,8.152777777777779,-30.39294369948395,-0.338746146290157,16.097633968828465,20.639715127063475
5943,8.154166666666667,-30.03464222558741,-0.3347526784414143,16.571349459614183,21.09314109267091
5944,8.155555555555555,-5.676071339434296,-0.06326295048327366,16.913191663890622,21.381676035143524
5945,8.156944444444445,0.0,0.0,18.371991402008376,19.216464123869894
5946,8.158333333333333,0.0,0.0,17.92568485329847,17.92568485329847
5947,8.159722222222221,0.0,0.0,17.33886392474361,17.33886392474361
5948,8.161111111111111,0.0,0.0,16.995248209491777,16.995248209491777
5949,8.1625,0.0,0.0,16.76972882281883,16.76972882281883
5950,8.16388888888889,0.0,0.0,16.599263548382602,16.599263548382602
5951,8.165277777777778,0.0,0.0,16.46063806868303,16.46063806868303
5952,8.166666666666666,0.0,0.0,16.341778892952657,16.341778892952657
5953,8.168055555555556,0.0,0.0,16.23884117785584,16.23884117785584
5954,8.169444444444444,0.0,0.0,16.14726320518751,16.14726320518751
5955,8.170833333333333,0.0,0.0,16.061939727395433,16.061939727395433
5956,8.172222222222222,0.0,0.0,15.985482452359049,15.985482452359049
5957,8.17361111111111,0.0004826139397373976,5.37899894950713e-06,15.917281571202688,15.917281571202688
5958,8.175,0.0,0.0,15.863275898703014,15.863204096521025
5959,8.176388888888889,0.0,0.0,15.823393701323095,15.823393701323095
5960,8.177777777777777,-0.4015009423805188,-0.004474949787952801,15.788685147778969,15.788685147778969
5961,8.179166666666667,-3.8286587754429213,-0.0426725169652883,15.736547948009088,15.796282326484295
5962,8.180555555555555,-11.40296558296739,-0.1270923503067945,15.550353409127364,16.119972376865622
5963,8.181944444444444,-13.921240481062924,-0.15515991511604277,15.282920778196651,16.979427535650725
5964,8.183333333333334,-33.20175619934429,-0.37005191316115166,15.503285238882057,17.574455091709105
5965,8.184722222222222,-34.5451749643559,-0.38502505738835247,14.834595468601588,19.774275707193723
5966,8.186111111111112,-37.06090871724649,-0.41306429973058834,15.696232932966641,20.835783897849236
5967,8.1875,-34.43590572054348,-0.38380719130682095,16.190564487255216,21.704400481824234
5968,8.188888888888888,-12.228837774572888,-0.13629715208581134,16.85019703414475,21.97349117450561
5969,8.190277777777778,-2.9722928413781435,-0.03312784558212315,18.248281841876974,20.067659947460427
5970,8.191666666666666,-0.3549132802899522,-0.003955704559392876,18.112111483495895,18.55432231486615
5971,8.193055555555556,0.0,0.0,17.60974720734185,17.662550381563605
5972,8.194444444444445,0.0,0.0,17.174188692416116,17.174188692416116
5973,8.195833333333333,0.0,0.0,16.879441921567874,16.879441921567874
5974,8.197222222222223,0.0,0.0,16.67346773900366,16.67346773900366
5975,8.198611111111111,0.0,0.0,16.516122060035997,16.516122060035997
5976,8.2,0.0,0.0,16.387672650048625,16.387672650048625
5977,8.20138888888889,0.0,0.0,16.278585416308577,16.278585416308577
5978,8.202777777777778,0.0,0.0,16.180850634030598,16.180850634030598
5979,8.204166666666667,0.0,0.0,16.090273281228995,16.090273281228995
5980,8.205555555555556,0.0,0.0,16.00926313365411,16.00926313365411
5981,8.206944444444444,0.0,0.0,15.936572030394638,15.936572030394638
5982,8.208333333333334,0.0,0.0,15.876428865814947,15.876428865814947
5983,8.209722222222222,0.0,0.0,15.830073118923048,15.830073118923048
5984,8.21111111111111,-9.657198827173614,-0.10763481546930351,15.790942065479342,15.790942065479342
5985,8.2125,-21.073717184567354,-0.23487821893349728,15.271497420196791,16.708273050989682
5986,8.213888888888889,-29.9617960630458,-0.33394076772039333,15.03601819487979,18.17131693345503
5987,8.215277777777779,-27.0411731741681,-0.3013888123008548,15.213048899724372,19.670695387962784
5988,8.216666666666667,-36.77375930908827,-0.40986386095819166,16.07409119110345,20.097214183598165
5989,8.218055555555555,-49.07459619780113,-0.5469634829426866,15.931124982746184,21.40223955473483
5990,8.219444444444445,-56.766642733154484,-0.6326955905890987,15.95358688626532,23.254791424956395
5991,8.220833333333333,-58.54713847341578,-0.6525401991424253,16.47523759840206,24.920846970285858
5992,8.222222222222221,-32.510564703600615,-0.36234820213378993,17.291545936477576,26.002053332738768
5993,8.223611111111111,-17.88542700076931,-0.19934296365532359,19.29806685507538,24.134913226925388
5994,8.225,-7.0830187345694045,-0.07894415638578337,19.566155866002124,22.2271081898502
5995,8.22638888888889,-1.7669429658349411,-0.019693555395927303,19.400072096365044,20.453867186680817
5996,8.227777777777778,-0.9783409039018969,-0.010904149799758404,18.898534786746957,19.161416460796072
5997,8.229166666666666,0.0,0.0,18.295823214459816,18.441378503782314
5998,8.230555555555556,0.0,0.0,17.9027345821228,17.9027345821228
5999,8.231944444444444,0.0,0.0,17.5466930264103,17.5466930264103
6000,8.233333333333333,0.0,0.0,17.272332129679064,17.272332129679064
6001,8.234722222222222,0.0,0.0,17.048984219315734,17.048984219315734
6002,8.23611111111111,0.0,0.0,16.86150235101271,16.86150235101271
6003,8.2375,0.0,0.0,16.695703213481394,16.695703213481394
6004,8.238888888888889,0.0,0.0,16.551871195870568,16.551871195870568
6005,8.240277777777777,0.0,0.0,16.425504795788957,16.425504795788957
6006,8.241666666666667,0.0,0.0,16.31834239617491,16.31834239617491
6007,8.243055555555555,-9.732586134920169,-0.10847504865733686,16.23261704772805,16.23261704772805
6008,8.244444444444444,-27.991561480815662,-0.3119814149634773,15.67360744507736,17.121599024571292
6009,8.245833333333334,-40.26275167547088,-0.4487506081661613,15.07006875282839,19.234588312093532
6010,8.247222222222222,-47.06031509868536,-0.5245132074242229,15.317726369172915,21.307925128797375
6011,8.248611111111112,-43.48577084373644,-0.48467293716017057,15.954740991016195,22.956265462167096
6012,8.25,-54.76083211805518,-0.6103397232940095,17.013116405254138,23.482828477321977
6013,8.251388888888888,-59.275600098831895,-0.6606593063526349,16.906816916835417,25.054006440134213
6014,8.252777777777778,-66.1519390233995,-0.7372999020880796,17.4825581289364,26.30144435534248
6015,8.254166666666666,-68.18909042935974,-0.7600050798096546,17.873831358107445,27.71576333232307
6016,8.255555555555556,-40.35507995125037,-0.44977965780094364,18.577453386760478,28.722468019695246
6017,8.256944444444445,-21.59211080637511,-0.2406560022040186,20.639478256544024,26.64341340277987
6018,8.258333333333333,-11.195438724563958,-0.12477934883411848,21.035537437314225,24.247961575946064
6019,8.259722222222223,-4.07769100552704,-0.04544811873249953,20.65124636563191,22.316877758684242
6020,8.261111111111111,-2.287030684445993,-0.025490220311123545,20.143785462233797,20.750454867254145
6021,8.2625,0.0,0.0,19.45815409423501,19.798413212131756
6022,8.26388888888889,0.0,0.0,19.00142290584408,19.00142290584408
6023,8.265277777777778,0.0,0.0,18.500951192588865,18.500951192588865
6024,8.266666666666667,0.0,0.0,18.122022622587764,18.122022622587764
6025,8.268055555555556,0.0,0.0,17.817442820894186,17.817442820894186
6026,8.269444444444444,0.0,0.0,17.562458089801993,17.562458089801993
6027,8.270833333333334,0.0,0.0,17.34057033469867,17.34057033469867
6028,8.272222222222222,0.0,0.0,17.14997966782461,17.14997966782461
6029,8.27361111111111,0.0,0.0,16.98332434341075,16.98332434341075
6030,8.275,0.0,0.0,16.841560838709345,16.841560838709345
6031,8.276388888888889,0.0,0.0,16.72653673514613,16.72653673514613
6032,8.277777777777779,0.0,0.0,16.630343400310085,16.630343400310085
6033,8.279166666666667,-0.12959840545193957,-0.0014444458176303338,16.547561785745796,16.547561785745796
6034,8.280555555555555,-5.562566853613642,-0.06199788029005493,16.467952885111416,16.487234235125566
6035,8.281944444444445,-6.1970061064469935,-0.06906905622080735,16.13439375280651,16.961979540668708
6036,8.283333333333333,-10.8803367191514,-0.1212673629245859,16.253087318621226,17.175063506225893
6037,8.284722222222221,-9.86472568557705,-0.10994781694197955,16.110266656463182,17.729017904383074
6038,8.286111111111111,-13.989851401596304,-0.1559246217253765,16.388133097008087,17.85578409220272
6039,8.2875,-11.096334061571298,-0.12367477262063645,16.27551462064918,18.35689224701313
6040,8.28888888888889,-8.469636968064995,-0.09439878255219421,16.647343499689793,18.2982303309666
6041,8.290277777777778,0.0,0.0,16.81316442610753,18.07325735938515
6042,8.291666666666666,0.0,0.0,17.178561803411398,17.178561803411398
6043,8.293055555555556,0.0,0.0,16.837017709843764,16.837017709843764
6044,8.294444444444444,0.0,0.0,16.64612862408335,16.64612862408335
6045,8.295833333333333,0.0,0.0,16.51949830329903,16.51949830329903
6046,8.297222222222222,0.0,0.0,16.421604782915853,16.421604782915853
6047,8.29861111111111,0.0,0.0,16.336436814796873,16.336436814796873
6048,8.3,0.0,0.0,16.256914383244585,16.256914383244585
6049,8.301388888888889,0.0,0.0,16.178870310792423,16.178870310792423
6050,8.302777777777777,0.0,0.0,16.103148380804402,16.103148380804402
6051,8.304166666666667,0.0,0.0,16.030994351398363,16.030994351398363
6052,8.305555555555555,0.0,0.0,15.969495670459096,15.969495670459096
6053,8.306944444444444,0.0,0.0,15.917247679712709,15.917247679712709
6054,8.308333333333334,0.0,0.0,15.873673857109303,15.873673857109303
6055,8.309722222222222,0.0,0.0,15.837652502707746,15.837652502707746
6056,8.311111111111112,0.0,0.0,15.806858402001861,15.806858402001861
6057,8.3125,0.0,0.0,15.778118254040587,15.778118254040587
6058,8.313888888888888,0.0,0.0,15.750992640952362,15.750992640952362
6059,8.315277777777778,0.0,0.0,15.725233931093108,15.725233931093108
6060,8.316666666666666,0.0,0.0,15.700704842473893,15.700704842473893
6061,8.318055555555556,0.0,0.0,15.678474085247895,15.678474085247895
6062,8.319444444444445,0.0,0.0,15.660997624255044,15.660997624255044
6063,8.320833333333333,0.0,0.0,15.648757387799849,15.648757387799849
6064,8.322222222222223,0.0,0.0,15.639981426911511,15.639981426911511
6065,8.323611111111111,0.0,0.0,15.632419677111486,15.632419677111486
6066,8.325,0.0,0.0,15.626189413328426,15.626189413328426
6067,8.32638888888889,0.0,0.0,15.620294190063795,15.620294190063795
6068,8.327777777777778,0.0,0.0,15.611014149513155,15.611014149513155
6069,8.329166666666667,0.0,0.0,15.59899628460203,15.59899628460203
6070,8.330555555555556,0.0,0.0,15.581682940189676,15.581682940189676
6071,8.331944444444444,0.0,0.0,15.558577059830832,15.558577059830832
6072,8.333333333333334,0.0,0.0,15.529266541229909,15.529266541229909
6073,8.334722222222222,0.0,0.0,15.49612099182172,15.49612099182172
6074,8.33611111111111,0.0,0.0,15.460283206496882,15.460283206496882
6075,8.3375,0.0,0.0,15.423605368229381,15.423605368229381
6076,8.338888888888889,0.0,0.0,15.394209475078178,15.394209475078178
6077,8.340277777777779,1.6225480653971307,0.01808419446824297,15.372327295044276,15.372327295044276
6078,8.341666666666667,0.018821943649758505,0.00020978095903077804,15.43636918959417,15.19497025374612
6079,8.343055555555555,-3.511862673227069,-0.03914164941108082,15.279527944542364,15.27672765944478
6080,8.344444444444445,-13.335930035525077,-0.1486363068808626,15.114490168626292,15.636976947441074
6081,8.345833333333333,-23.891000168444155,-0.26627839402786646,14.756028382477865,16.74011710550245
6082,8.347222222222221,-34.59345672324976,-0.38556318426158726,14.675937385898514,18.23038494896434
6083,8.348611111111111,-34.20042626488571,-0.38118264269700897,14.808461397850017,19.9551956107771
6084,8.35,-48.418980734926606,-0.5396562864534977,15.654687028062238,20.742947081469286
6085,8.35138888888889,-53.622399066242075,-0.5976512580724727,15.46205503836461,22.665718629925284
6086,8.352777777777778,-58.95710989981276,-0.6571095571537526,16.128764525476214,24.106580621199743
6087,8.354166666666666,-61.06117812950307,-0.6805605598399863,16.683796230612923,25.455298224304492
6088,8.355555555555556,-33.76250224123438,-0.3763017375485457,17.372457148213712,26.456997530370288
6089,8.356944444444444,-18.701134611555048,-0.20843447556629097,19.404557911278516,24.427664644703114
6090,8.358333333333333,-8.56196524384448,-0.09542783218697659,19.631004734189627,22.413316143420875
6091,8.359722222222222,-2.7562954989582447,-0.030720435886072598,19.380630083113356,20.65445940300236
6092,8.36111111111111,-1.543322187800222,-0.017201178298839666,18.900732077899868,19.310807325913206
6093,8.3625,0.0,0.0,18.29852435965688,18.528136253289425
6094,8.363888888888889,0.0,0.0,17.90717629835354,17.90717629835354
6095,8.365277777777777,0.0,0.0,17.51582792426462,17.51582792426462
6096,8.366666666666667,0.0,0.0,17.22175151978961,17.22175151978961
6097,8.368055555555555,0.0,0.0,16.98673825957424,16.98673825957424
6098,8.369444444444444,0.0,0.0,16.789541418995405,16.789541418995405
6099,8.370833333333334,0.0,0.0,16.617467399017983,16.617467399017983
6100,8.372222222222222,0.0,0.0,16.466644127456316,16.466644127456316
6101,8.373611111111112,0.0,0.0,16.334354372700783,16.334354372700783
6102,8.375,0.0,0.0,16.222735772178073,16.222735772178073
6103,8.376388888888888,-13.335930035525077,-0.1486363068808626,16.133834584057247,16.133834584057247
6104,8.377777777777778,-32.05400561511306,-0.3572595988939027,15.391542136412376,17.37563085943696
6105,8.379166666666666,-45.261184293587846,-0.5044609007794724,14.900677791126036,19.669598361292213
6106,8.380555555555556,-53.23953318869777,-0.5933840063759437,15.198097142925821,21.93195110799795
6107,8.381944444444445,-50.76869300109445,-0.5658451276175928,15.875951497070314,23.796805696020016
6108,8.383333333333333,-63.418513831285736,-0.7068343684051185,16.992527074038946,24.545775403764644
6109,8.384722222222223,-68.01544550702218,-0.7580697112304767,16.938537184871915,26.373796502253175
6110,8.386111111111111,-72.76399884665338,-0.8109949612542392,17.648400503507602,27.767580647861323
6111,8.3875,-74.69357510560448,-0.8325011545389576,18.246754079589035,29.072412970212813
6112,8.38888888888889,-45.319630633301465,-0.5051123175207567,18.95082823651081,30.063565005123028
6113,8.390277777777778,-27.471473762204607,-0.30618475004828105,21.099901940272236,27.84245141613506
6114,8.391666666666667,-16.237917859566547,-0.18098056420897715,21.406380492663253,25.493522608080763
6115,8.393055555555556,-9.525059276516737,-0.10616204718466084,21.079147350123517,23.494987087190417
6116,8.394444444444444,-7.43962611166265,-0.08291874258985114,20.530417463674688,21.947533678766877
6117,8.395833333333334,0.0,0.0,19.866187944914685,20.97303825324325
6118,8.397222222222222,0.0,0.0,19.6658214689513,19.6658214689513
6119,8.39861111111111,0.0,0.0,18.97624133806841,18.97624133806841
6120,8.4,0.0,0.0,18.49802447333066,18.49802447333066
6121,8.401388888888889,0.0,0.0,18.133490599284663,18.133490599284663
6122,8.402777777777779,0.0,0.0,17.838933822447512,17.838933822447512
6123,8.404166666666667,0.0,0.0,17.58737210396577,17.58737210396577
6124,8.405555555555555,0.0,0.0,17.369087554031882,17.369087554031882
6125,8.406944444444445,0.0,0.0,17.17666221039329,17.17666221039329
6126,8.408333333333333,-0.9029535961553439,-0.010063916611725074,17.012157288002516,17.012157288002516
6127,8.409722222222221,-24.26878375557857,-0.27048900079037064,16.83218672468551,16.966526065306965
6128,8.411111111111111,-43.36294882549767,-0.48330401792123984,15.581421114809721,19.19207444327627
6129,8.4125,-55.72816139273567,-0.6211211424033811,15.439984588021911,21.891423485239738
6130,8.41388888888889,-62.60195917209835,-0.6977334156718136,16.000309645508743,24.29141617348831
6131,8.415277777777778,-57.9779219475092,-0.6461959665316567,16.845030366256974,26.158804576359543
6132,8.416666666666666,-71.06397270454853,-0.7920472308229708,18.112692164072776,26.73851284654633
6133,8.418055555555556,-76.25976760024916,-0.8499572350409085,18.000052181296613,28.572785127617145
6134,8.419444444444444,-81.56483173976221,-0.9090851053403776,18.69240124999673,30.038152503420463
6135,8.420833333333333,-82.83794548743715,-0.9232746613135697,19.3052024808217,31.440228865870363
6136,8.422222222222222,-53.01506536226142,-0.5908821884565187,20.100231506057305,32.424668800068495
6137,8.42361111111111,-33.91920619553901,-0.3780482896809745,22.292847325776805,30.18030572241442
6138,8.425,-22.474735240890936,-0.25049333907964483,22.67040847126725,27.71682925536255
6139,8.426388888888889,-15.532326540994879,-0.17311635920187868,22.323867718325594,25.667606672086475
6140,8.427777777777777,-12.629491668551761,-0.1407626610514267,21.769783890558543,24.08064738865952
6141,8.429166666666667,0.0,0.0,21.129180855315408,23.008167317478552
6142,8.430555555555555,0.0,0.0,21.14114758036143,21.14114758036143
6143,8.431944444444444,0.0,0.0,20.21652615397375,20.21652615397375
6144,8.433333333333334,0.0,0.0,19.588119991436454,19.588119991436454
6145,8.434722222222222,0.0,0.0,19.111974723612615,19.111974723612615
6146,8.436111111111112,0.0,0.0,18.727036723860657,18.727036723860657
6147,8.4375,0.0,0.0,18.39685718645525,18.39685718645525
6148,8.438888888888888,0.0,0.0,18.115624615381,18.115624615381
6149,8.440277777777778,0.0,0.0,17.873150208962755,17.873150208962755
6150,8.441666666666666,-1.742378562187188,-0.01941977154814116,17.667947367445308,17.667947367445308
6151,8.443055555555556,-32.14125160048266,-0.3582320035946603,17.412011357516104,17.671238396595218
6152,8.444444444444445,-50.49594341576422,-0.5628051828249329,15.811274249763212,20.59317507516767
6153,8.445833333333333,-61.07388385552776,-0.680702172175048,15.968708925624597,23.48137820499372
6154,8.447222222222223,-67.275125203983,-0.7498184325075427,16.73714355091522,25.823574261504557
6155,8.448611111111111,-63.32872670071119,-0.7058336412373484,17.627454329687048,27.636491337358635
6156,8.45,-74.93159570646719,-0.8351540256157819,18.855063203397513,28.27696419985394
6157,8.45138888888889,-79.64372596482758,-0.8876733202790338,18.849350463605855,29.99749938485844
6158,8.452777777777778,-83.5774187420747,-0.9315164992141663,19.537027846802644,31.386236572818042
6159,8.454166666666667,-82.72359395321486,-0.9220001502980135,20.19185559706891,32.62631000586671
6160,8.455555555555556,-51.79955090589844,-0.5773346084022734,21.029417295478,33.336841633594354
6161,8.456944444444444,-32.24120331187697,-0.3593460206304798,23.159458107504676,30.866075084074946
6162,8.458333333333334,-20.43250154452083,-0.22773151642404524,23.446883621873997,28.2436550309495
6163,8.459722222222222,-11.55035200485391,-0.12873505339351135,23.024668740003534,26.064568903672168
6164,8.46111111111111,-7.047442701700245,-0.07854764184761033,22.48409867141334,24.202533238687426
6165,8.4625,0.0,0.0,21.78312562337608,22.831627794080127
6166,8.463888888888889,0.0,0.0,21.35440712644106,21.35440712644106
6167,8.465277777777779,0.0,0.0,20.5305046503847,20.5305046503847
6168,8.466666666666667,0.0,0.0,19.93945326333287,19.93945326333287
6169,8.468055555555555,0.0,0.0,19.475413491538283,19.475413491538283
6170,8.469444444444445,0.0,0.0,19.09062544973971,19.09062544973971
6171,8.470833333333333,0.0,0.0,18.75590450539323,18.75590450539323
6172,8.472222222222221,0.0,0.0,18.467732755883425,18.467732755883425
6173,8.473611111111111,0.0,0.0,18.218651026234564,18.218651026234564
6174,8.475,0.0,0.0,18.007328992994246,18.007328992994246
6175,8.47638888888889,-9.202333835489359,-0.1025650938740912,17.83283317840379,17.83283317840379
6176,8.477777777777778,-20.33254983312652,-0.22661749938822573,17.22268682853192,18.591788701432012
6177,8.479166666666666,-25.59102631054901,-0.285226124459135,16.888670241548724,19.913699821546317
6178,8.480555555555556,-28.74458750987954,-0.3203743060214731,17.143928666050012,20.951302173419087
6179,8.481944444444444,-22.500146692940334,-0.25077656374976837,17.475528432676935,21.752081457056967
6180,8.483333333333333,-31.8786665959722,-0.3553053486700498,18.210422660864094,21.55794227149049
6181,8.484722222222222,-33.35507196004233,-0.37176070200423067,17.782766856864626,22.52560089465872
6182,8.48611111111111,-33.831960210169406,-0.3770758849802168,18.141956285016942,23.10444648669771
6183,8.4875,-33.748949466808035,-0.37615068439114646,18.46423901100738,23.497679539864397
6184,8.488888888888889,-8.687328407288186,-0.09682507389291965,18.74061890559808,23.7617092886944
6185,8.490277777777777,-0.27359663373187243,-0.0030493856149973715,20.204693072048823,21.49717363247439
6186,8.491666666666667,0.0,0.0,19.841599720363632,19.882304792615724
6187,8.493055555555555,0.0,0.0,19.11946497073284,19.11946497073284
6188,8.494444444444444,0.0,0.0,18.66308162703487,18.66308162703487
6189,8.495833333333334,0.0,0.0,18.34895312086494,18.34895312086494
6190,8.497222222222222,0.0,0.0,18.09959457908277,18.09959457908277
6191,8.498611111111112,0.0,0.0,17.88573705549578,17.88573705549578
6192,8.5,0.0,0.0,17.694839119749403,17.694839119749403
6193,8.501388888888888,0.0,0.0,17.523640896440398,17.523640896440398
6194,8.502777777777778,0.0,0.0,17.367629489054536,17.367629489054536
6195,8.504166666666666,0.0,0.0,17.220709454855957,17.220709454855957
6196,8.505555555555556,0.0,0.0,17.090996084000622,17.090996084000622
6197,8.506944444444445,0.9560582146197846,0.010655796918973623,16.978449217945514,16.978449217945514
6198,8.508333333333333,0.3011510983961361,0.0033564953444924486,16.932157643685862,16.789917521165044
6199,8.509722222222223,0.0,0.0,16.78691088705361,16.742106325492284
6200,8.511111111111111,0.0,0.0,16.708567113713162,16.708567113713162
6201,8.5125,0.0,0.0,16.661105795820284,16.661105795820284
6202,8.51388888888889,0.0,0.0,16.612606771783806,16.612606771783806
6203,8.515277777777778,0.0,0.0,16.56470290389365,16.56470290389365
6204,8.516666666666667,-1.8973884196885273,-0.021147442035895088,16.518785857272476,16.518785857272476
6205,8.518055555555556,-5.025538166969658,-0.05601239892810963,16.383763149993143,16.666052195951927
6206,8.519444444444444,-4.2784414767173,-0.04768559362647594,16.268588125088637,17.01627603119286
6207,8.520833333333334,-3.5711560613423354,-0.03980250697470254,16.443204754335838,17.07974134859379
6208,8.522222222222222,-1.6475091412027616,-0.018362399446346406,16.527972756924047,17.05928106842504
6209,8.52361111111111,0.0,0.0,16.630717360916066,16.87582994769724
6210,8.525,0.0,0.0,16.648137616093777,16.648137616093777
6211,8.526388888888889,0.0,0.0,16.545106267698728,16.545106267698728
6212,8.527777777777779,0.0,0.0,16.47526500186069,16.47526500186069
6213,8.529166666666667,0.0,0.0,16.419660245808384,16.419660245808384
6214,8.530555555555555,0.0,0.0,16.36725141544873,16.36725141544873
6215,8.531944444444445,0.0,0.0,16.31381261489257,16.31381261489257
6216,8.533333333333333,0.0,0.0,16.257432231775315,16.257432231775315
6217,8.534722222222221,0.0,0.0,16.19937571659558,16.19937571659558
6218,8.536111111111111,0.0,0.0,16.140400873747122,16.140400873747122
6219,8.5375,0.0,0.0,16.080988353868953,16.080988353868953
6220,8.53888888888889,0.0,0.0,16.02984777815346,16.02984777815346
6221,8.540277777777778,0.0,0.0,15.988321443315089,15.988321443315089
6222,8.541666666666666,0.0,0.0,15.953473542477571,15.953473542477571
6223,8.543055555555556,0.0,0.0,15.923975167458448,15.923975167458448
6224,8.544444444444444,0.0,0.0,15.897820809637734,15.897820809637734
6225,8.545833333333333,0.0,0.0,15.874690331563059,15.874690331563059
6226,8.547222222222222,0.0,0.0,15.852888059137916,15.852888059137916
6227,8.54861111111111,0.0,0.0,15.831800139098403,15.831800139098403
6228,8.55,0.0,0.0,15.81137626728641,15.81137626728641
6229,8.551388888888889,0.0,0.0,15.792696955236162,15.792696955236162
6230,8.552777777777777,0.0,0.0,15.777388429796224,15.777388429796224
6231,8.554166666666667,0.0,0.0,15.764960571218925,15.764960571218925
6232,8.555555555555555,0.0,0.0,15.754153112549469,15.754153112549469
6233,8.556944444444444,0.0,0.0,15.74343670492441,15.74343670492441
6234,8.558333333333334,0.0,0.0,15.733225171764355,15.733225171764355
6235,8.559722222222222,0.0,0.0,15.722676119043085,15.722676119043085
6236,8.561111111111112,0.0,0.0,15.709216919318267,15.709216919318267
6237,8.5625,0.0,0.0,15.693975217466338,15.693975217466338
6238,8.563888888888888,0.0,0.0,15.674808576598894,15.674808576598894
6239,8.565277777777778,0.0,0.0,15.652405594139896,15.652405594139896
6240,8.566666666666666,0.0,0.0,15.62722464089424,15.62722464089424
6241,8.568055555555556,0.0,0.0,15.601414223907648,15.601414223907648
6242,8.569444444444445,0.0,0.0,15.575878956945726,15.575878956945726
6243,8.570833333333333,0.0,0.0,15.550818884525523,15.550818884525523
6244,8.572222222222223,0.0,0.0,15.532574208065778,15.532574208065778
6245,8.573611111111111,12.443235208249321,0.1386867299151423,15.518743690664802,15.518743690664802
6246,8.575,3.1065859300896284,0.03462461623797739,16.129946445714285,14.278670787483984
6247,8.57638888888889,0.0,0.0,15.17311201104391,14.710921365578741
6248,8.577777777777778,0.0,0.0,15.083689610341697,15.083689610341697
6249,8.579166666666667,0.0,0.0,15.209751727319155,15.209751727319155
6250,8.580555555555556,0.0,0.0,15.268202383905631,15.268202383905631
6251,8.581944444444444,0.0,0.0,15.294303000025394,15.294303000025394
6252,8.583333333333334,-0.7631906098836443,-0.008506180926045302,15.306951981438779,15.306951981438779
6253,8.584722222222222,-4.578296610900219,-0.051027644733934355,15.274873265027237,15.388418992888337
6254,8.58611111111111,-8.32055644937518,-0.09273719782080243,15.114878619299885,15.796026964570965
6255,8.5875,-10.131545932095747,-0.11292167597827729,15.08967336201453,16.3275864416811
6256,8.588888888888889,0.0,0.0,15.236613718557356,16.743961610839943
6257,8.590277777777779,0.0,0.0,15.961089173260056,15.961089173260056
6258,8.591666666666667,0.0,0.0,15.717235828816262,15.717235828816262
6259,8.593055555555555,0.0,0.0,15.60036458572376,15.60036458572376
6260,8.594444444444445,0.0,0.0,15.53597150803699,15.53597150803699
6261,8.595833333333333,0.0,0.0,15.492809363682778,15.492809363682778
6262,8.597222222222221,0.0,0.0,15.45908963327331,15.45908963327331
6263,8.598611111111111,0.0,0.0,15.431525293518693,15.431525293518693
6264,8.6,0.0,0.0,15.407646783926118,15.407646783926118
6265,8.60138888888889,0.0,0.0,15.385941402761635,15.385941402761635
6266,8.602777777777778,0.0,0.0,15.366306818131443,15.366306818131443
6267,8.604166666666666,0.0,0.0,15.347603482866893,15.347603482866893
6268,8.605555555555556,0.0,0.0,15.328961992485818,15.328961992485818
6269,8.606944444444444,8.285033503471903,0.09234127496618887,15.310685478772108,15.310685478772108
6270,8.608333333333333,3.9212382603663554,0.043704366464745424,15.71085971669949,14.478231658489058
6271,8.609722222222222,0.0,0.0,15.16346664425357,14.58007391559045
6272,8.61111111111111,0.0,0.0,14.937261962721054,14.937261962721054
6273,8.6125,0.0,0.0,15.048038407727546,15.048038407727546
6274,8.613888888888889,-0.1685626319276861,-0.0018787236451531795,15.097849030688888,15.097849030688888
6275,8.615277777777777,-2.392911734651826,-0.02667032310330519,15.11188017004267,15.136958527250616
6276,8.616666666666667,-14.212625131229375,-0.15840755800012665,15.017193924703262,15.373205779539672
6277,8.618055555555555,-21.686133178957892,-0.2417039334834759,14.518252481393443,16.632773866278445
6278,8.619444444444444,-16.5038910576836,-0.18394498242293744,14.649583157899432,17.87599572693369
6279,8.620833333333334,-17.208635327853624,-0.19179974660769847,15.495153786995136,17.95056439925447
6280,8.622222222222222,-0.40573618438875203,-0.004522153899640066,15.633757673083442,18.194018502413183
6281,8.623611111111112,0.0,0.0,16.654628229283084,16.714992717235877
6282,8.625,0.0,0.0,16.178581379825225,16.178581379825225
6283,8.626388888888888,0.0,0.0,15.914762873123763,15.914762873123763
6284,8.627777777777778,0.0,0.0,15.761300725544729,15.761300725544729
6285,8.629166666666666,0.0,0.0,15.660310303627217,15.660310303627217
6286,8.630555555555556,0.0,0.0,15.584198191256032,15.584198191256032
6287,8.631944444444445,0.0,0.0,15.524567763242299,15.524567763242299
6288,8.633333333333333,0.0,0.0,15.476100901638047,15.476100901638047
6289,8.634722222222223,0.0,0.0,15.435087686411059,15.435087686411059
6290,8.636111111111111,0.0,0.0,15.396804262469498,15.396804262469498
6291,8.6375,0.0,0.0,15.35825828874718,15.35825828874718
6292,8.63888888888889,0.0,0.0,15.32277172860781,15.32277172860781
6293,8.640277777777778,1.7890498746065326,0.019939949105822925,15.291961412361346,15.291961412361346
6294,8.641666666666667,0.0,0.0,15.357009717430136,15.090839028795775
6295,8.643055555555556,0.0,0.0,15.181059949815317,15.181059949815317
6296,8.644444444444444,-0.9283650482047437,-0.010347141281848668,15.193146928876878,15.193146928876878
6297,8.645833333333334,-9.599599535861643,-0.10699283955035671,15.144180423785375,15.282300421272351
6298,8.647222222222222,-14.181284340368448,-0.15805824757364087,14.737532653082834,16.165738794980548
6299,8.64861111111111,-17.167977004574585,-0.19134658713550073,14.84906771880398,16.958926293554843
6300,8.65,-29.09526554816126,-0.32428280646917873,15.070330658707396,17.624542437052305
6301,8.651388888888889,-39.415703273824214,-0.43930978582870805,14.821054978102616,19.149781067226815
6302,8.652777777777779,-46.95358700007788,-0.5233236638097039,14.99361399172145,20.857790855828597
6303,8.654166666666667,-48.342746378778415,-0.5388066124431271,15.452919152762568,22.438564865078288
6304,8.655555555555555,-20.924636665877543,-0.23321663420210553,16.225647235948493,23.41796885691261
6305,8.656944444444445,-6.533284321900719,-0.07281706268877625,18.237453436355423,21.350572321319618
6306,8.658333333333333,-0.26427910131375915,-0.002945536569285387,18.38870966338107,19.36071654350611
6307,8.659722222222221,0.0,0.0,17.92664521154059,17.96596404294199
6308,8.661111111111111,0.0,0.0,17.29052685509795,17.29052685509795
6309,8.6625,0.0,0.0,16.897579124251045,16.897579124251045
6310,8.66388888888889,0.0,0.0,16.632759364955035,16.632759364955035
6311,8.665277777777778,0.0,0.0,16.433902917262646,16.433902917262646
6312,8.666666666666666,0.0,0.0,16.274121441652,16.274121441652
6313,8.668055555555556,0.0,0.0,16.140983205068125,16.140983205068125
6314,8.669444444444444,0.0,0.0,16.024775778521523,16.024775778521523
6315,8.670833333333333,0.0,0.0,15.918684842845929,15.918684842845929
6316,8.672222222222222,0.0,0.0,15.823627988651772,15.823627988651772
6317,8.67361111111111,0.24613310926607276,0.002743289464248636,15.737674819650762,15.737674819650762
6318,8.675,0.0,0.0,15.678566187334678,15.64194707452013
6319,8.676388888888889,-1.898235468090174,-0.021156882858232542,15.60333231094805,15.60333231094805
6320,8.677777777777777,-11.048899351079086,-0.12314608656973909,15.469175985861048,15.751591053715348
6321,8.679166666666667,-22.097798702158173,-0.24629217313947818,15.047566607210076,16.691396212337914
6322,8.680555555555555,-32.569011043314234,-0.3629996188750742,14.853171575872226,18.1408307861279
6323,8.681944444444444,-31.408554733058303,-0.35006569227276335,14.952885254327388,19.79842713696809
6324,8.683333333333334,-43.89913046374001,-0.4892800584608477,15.789862752268245,20.462754638050228
6325,8.684722222222222,-51.09565368413006,-0.5694892850398497,15.61650274229223,22.147713499372518
6326,8.686111111111112,-55.132686366378074,-0.6144842443001517,16.067992095487252,23.669884876882634
6327,8.6875,-55.65107998818583,-0.620262027570673,16.686136496492807,24.888649631923705
6328,8.688888888888888,-27.60784855486972,-0.307704722444611,17.388866368436787,25.668504903924283
6329,8.690277777777778,-10.564387665337193,-0.11774593619271587,19.350882276398462,23.45831391699426
6330,8.691666666666666,-2.159973424198993,-0.02407409696050557,19.57504755422947,21.146792635121404
6331,8.693055555555556,0.0,0.0,19.089803471246547,19.411159304815698
6332,8.694444444444445,0.0,0.0,18.392092717703058,18.392092717703058
6333,8.695833333333333,0.0,0.0,17.829051818681762,17.829051818681762
6334,8.697222222222223,0.0,0.0,17.45109946943896,17.45109946943896
6335,8.698611111111111,0.0,0.0,17.165199612852497,17.165199612852497
6336,8.7,0.0,0.0,16.931519055937706,16.931519055937706
6337,8.70138888888889,0.0,0.0,16.733790272598434,16.733790272598434
6338,8.702777777777778,0.0,0.0,16.564794663895178,16.564794663895178
6339,8.704166666666667,0.0,0.0,16.41400898936245,16.41400898936245
6340,8.705555555555556,0.0,0.0,16.28284009584438,16.28284009584438
6341,8.706944444444444,0.22586332379710203,0.002517371508369336,16.166605296381608,16.166605296381608
6342,8.708333333333334,0.0,0.0,16.0798234926011,16.046220071430106
6343,8.709722222222222,0.0,0.0,15.983125242863812,15.983125242863812
6344,8.71111111111111,0.0,0.0,15.923988319566792,15.923988319566792
6345,8.7125,-0.4370769752496787,-0.004871464326125834,15.871475710683127,15.871475710683127
6346,8.713888888888889,-0.09232827577948638,-0.001029049634782395,15.801610732618682,15.866638030705616
6347,8.715277777777779,-0.6920385441453245,-0.007713151849699235,15.79104450479331,15.804780891404699
6348,8.716666666666667,-16.424268507928815,-0.18305754512321687,15.716240593218068,15.819200481855713
6349,8.718055555555555,-29.37987381111454,-0.327454922774563,14.911046747623882,17.35461130170459
6350,8.719444444444445,-36.24435405805911,-0.4039633469972835,14.840901274336753,19.21197072035477
6351,8.720833333333333,-34.777266226407086,-0.3876118427088146,15.32173835956847,20.714089246858798
6352,8.722222222222221,-11.26574374190063,-0.12556293708812707,16.16672981402783,21.34081077828217
6353,8.723611111111111,-1.7550842882118876,-0.019561383883202953,17.800899473105147,19.476990683485415
6354,8.725,0.0,0.0,17.727272881787428,17.9883902492993
6355,8.72638888888889,0.0,0.0,17.212404483265953,17.212404483265953
6356,8.727777777777778,0.0,0.0,16.820631180381643,16.820631180381643
6357,8.729166666666666,0.0,0.0,16.582304645774045,16.582304645774045
6358,8.730555555555556,0.0,0.0,16.412435030951002,16.412435030951002
6359,8.731944444444444,0.0,0.0,16.276035151275153,16.276035151275153
6360,8.733333333333333,0.0,0.0,16.15962065983815,16.15962065983815
6361,8.734722222222222,0.0,0.0,16.057188718553967,16.057188718553967
6362,8.73611111111111,0.0,0.0,15.96213494570878,15.96213494570878
6363,8.7375,0.0,0.0,15.869571868184202,15.869571868184202
6364,8.738888888888889,0.0,0.0,15.787593641106675,15.787593641106675
6365,8.740277777777777,1.4208154385868983,0.015835772907348986,15.717220562741925,15.717220562741925
6366,8.741666666666667,0.22538070985736466,0.0025119925094198295,15.732544424159709,15.521158800383189
6367,8.743055555555555,0.0,0.0,15.576430522335832,15.542898903346826
6368,8.744444444444444,0.0,0.0,15.54382344371901,15.54382344371901
6369,8.745833333333334,0.0,0.0,15.525534514397403,15.525534514397403
6370,8.747222222222222,0.0,0.0,15.502944526842803,15.502944526842803
6371,8.748611111111112,0.0,0.0,15.479054778198313,15.479054778198313
6372,8.75,-1.2333024727975428,-0.013745837323331808,15.455602326571139,15.455602326571139
6373,8.751388888888888,-4.905257293935831,-0.054671802156191274,15.371436058616245,15.554923938489454
6374,8.752777777777778,-3.1256086020761904,-0.03483663442520218,15.214501459313837,15.944294256254599
6375,8.754166666666666,-3.6600961435152346,-0.040793793320135115,15.455575598856626,15.920596393315513
6376,8.755555555555556,-1.8584241932127807,-0.020713164208372242,15.449265788242434,15.993806398772746
6377,8.756944444444445,0.0,0.0,15.580128844056365,15.85662088282135
6378,8.758333333333333,0.0,0.0,15.6343194074436,15.6343194074436
6379,8.759722222222223,0.0,0.0,15.549738091818444,15.549738091818444
6380,8.761111111111111,0.0,0.0,15.502386361944833,15.502386361944833
6381,8.7625,0.0,0.0,15.469114477646134,15.469114477646134
6382,8.76388888888889,0.0,0.0,15.437709298854246,15.437709298854246
6383,8.765277777777778,0.0,0.0,15.40417779115907,15.40417779115907
6384,8.766666666666667,0.0,0.0,15.367342393029281,15.367342393029281
6385,8.768055555555556,0.0,0.0,15.328820236358888,15.328820236358888
6386,8.769444444444444,0.0,0.0,15.290293102365657,15.290293102365657
6387,8.770833333333334,0.0,0.0,15.252002251904923,15.252002251904923
6388,8.772222222222222,0.0,0.0,15.221731119058724,15.221731119058724
6389,8.77361111111111,0.0,0.0,15.199663473657203,15.199663473657203
6390,8.775,0.0,0.0,15.182299576276588,15.182299576276588
6391,8.776388888888889,0.0,0.0,15.167876725926131,15.167876725926131
6392,8.777777777777779,0.0,0.0,15.154800276562607,15.154800276562607
6393,8.779166666666667,0.0,0.0,15.142259641808026,15.142259641808026
6394,8.780555555555555,0.0,0.0,15.130201118617519,15.130201118617519
6395,8.781944444444445,0.0,0.0,15.118552829438503,15.118552829438503
6396,8.783333333333333,0.0,0.0,15.107297666863044,15.107297666863044
6397,8.784722222222221,0.0,0.0,15.096446530022781,15.096446530022781
6398,8.786111111111111,0.0,0.0,15.085928046144735,15.085928046144735
6399,8.7875,0.0,0.0,15.075777959904919,15.075777959904919
6400,8.78888888888889,0.0,0.0,15.065947099903997,15.065947099903997
6401,8.790277777777778,0.0,0.0,15.056462710098405,15.056462710098405
6402,8.791666666666666,0.0,0.0,15.04922077738341,15.04922077738341
6403,8.793055555555556,0.0,0.0,15.046247493543262,15.046247493543262
6404,8.794444444444444,0.0,0.0,15.046301981885229,15.046301981885229
6405,8.795833333333333,0.0,0.0,15.047207944259592,15.047207944259592
6406,8.797222222222222,0.0,0.0,15.045092773950067,15.045092773950067
6407,8.79861111111111,0.0,0.0,15.038057387642642,15.038057387642642
6408,8.8,0.0,0.0,15.025450975146114,15.025450975146114
6409,8.801388888888889,0.0,0.0,15.008336098788824,15.008336098788824
6410,8.802777777777777,0.0,0.0,14.988812712962604,14.988812712962604
6411,8.804166666666667,0.0,0.0,14.969488765005499,14.969488765005499
6412,8.805555555555555,0.0,0.0,14.956571041312378,14.956571041312378
6413,8.806944444444444,32.4804007582666,0.36201200830077934,14.948108050067578,14.948108050067578
6414,8.808333333333334,18.38517803429616,0.20491296498147407,16.569905191062034,11.737546540999688
6415,8.809722222222222,0.6158153871049193,0.006863602659571097,14.613612845649858,11.87830872276721
6416,8.811111111111112,0.0,0.0,13.528080090728364,13.43646050651001
6417,8.8125,0.0,0.0,13.990840398703352,13.990840398703352
6418,8.813888888888888,0.0,0.0,14.251089823090028,14.251089823090028
6419,8.815277777777778,0.0,0.0,14.387590758380986,14.387590758380986
6420,8.816666666666666,0.0,0.0,14.468245097788,14.468245097788
6421,8.818055555555556,0.0,0.0,14.523772722825706,14.523772722825706
6422,8.819444444444445,0.0,0.0,14.563895273246422,14.563895273246422
6423,8.820833333333333,-1.3137720709539757,-0.014642715445389858,14.59380768026126,14.59380768026126
6424,8.822222222222223,0.0,0.0,14.550730510608593,14.746190470555947
6425,8.823611111111111,0.0,0.0,14.684910730977755,14.684910730977755
6426,8.825,0.0,0.0,14.678212600932785,14.678212600932785
6427,8.82638888888889,0.0,0.0,14.687637712740532,14.687637712740532
6428,8.827777777777778,0.0,0.0,14.70515423543316,14.70515423543316
6429,8.829166666666667,0.0,0.0,14.714235927374613,14.714235927374613
6430,8.830555555555556,0.0,0.0,14.717139338467826,14.717139338467826
6431,8.831944444444444,0.0,0.0,14.718832286146885,14.718832286146885
6432,8.833333333333334,0.0,0.0,14.719413357714533,14.719413357714533
6433,8.834722222222222,0.0,0.0,14.71851046925892,14.71851046925892
6434,8.83611111111111,0.0,0.0,14.71737638912913,14.71737638912913
6435,8.8375,0.0,0.0,14.715891941857485,14.715891941857485
6436,8.838888888888889,0.0,0.0,14.714513324227255,14.714513324227255
6437,8.840277777777779,6.675033400507946,0.0743969344706331,14.71318038879973,14.71318038879973
6438,8.841666666666667,1.5540168859544201,0.017320376617412956,15.04642291637665,14.053326937282547
6439,8.843055555555555,0.0,0.0,14.532899190084821,14.301696164079253
6440,8.844444444444445,0.0,0.0,14.49994658094224,14.49994658094224
6441,8.845833333333333,0.0,0.0,14.5705612994313,14.5705612994313
6442,8.847222222222221,-0.100798759795953,-0.0011234578581569264,14.605618475606905,14.605618475606905
6443,8.848611111111111,-0.3057844729944457,-0.0034081368638205927,14.61844675290512,14.63344335847168
6444,8.85,-4.411428075775826,-0.049167802733456084,14.622701533788634,14.668195438070384
6445,8.85138888888889,-5.38045144725961,-0.0599681034875025,14.433897313503643,15.090219345357811
6446,8.852777777777778,-6.1267010891103215,-0.06828546796679874,14.553126271576446,15.35361735190242
6447,8.854166666666666,-6.857703859731392,-0.07643289764402082,14.651957909652394,15.563474279929123
6448,8.855555555555556,-0.07792845295149309,-0.0008685556550456911,14.733255421503983,15.753528687612153
6449,8.856944444444444,0.0,0.0,15.183120722841647,15.194714737229239
6450,8.858333333333333,0.0,0.0,15.007257911420096,15.007257911420096
6451,8.859722222222222,0.0,0.0,14.916787008432145,14.916787008432145
6452,8.86111111111111,0.0,0.0,14.865956262548842,14.865956262548842
6453,8.8625,0.0,0.0,14.832571170135026,14.832571170135026
6454,8.863888888888889,0.0,0.0,14.80752380502604,14.80752380502604
6455,8.865277777777777,0.0,0.0,14.787987836563726,14.787987836563726
6456,8.866666666666667,0.0,0.0,14.772117257848166,14.772117257848166
6457,8.868055555555555,0.0,0.0,14.758763893000083,14.758763893000083
6458,8.869444444444444,0.0,0.0,14.746349002489302,14.746349002489302
6459,8.870833333333334,0.0,0.0,14.734034782431404,14.734034782431404
6460,8.872222222222222,0.0,0.0,14.722524162397388,14.722524162397388
6461,8.873611111111112,7.76477567643499,0.0865427140986202,14.711660473742224,14.711660473742224
6462,8.875,2.539997164837923,0.028309671471256015,15.092337023129218,13.937111717103258
6463,8.876388888888888,0.0,0.0,14.527113663246574,14.149218779436852
6464,8.877777777777778,0.0,0.0,14.42010345020257,14.42010345020257
6465,8.879166666666666,-5.458379900211103,-0.06083665914254819,14.51046022767584,14.51046022767584
6466,8.880555555555556,-16.746993948956195,-0.18665449843378654,14.279764926840878,15.091850021554446
6467,8.881944444444445,-18.18782328015717,-0.20271333722979434,13.939532705804352,16.431111602077156
6468,8.883333333333333,-27.074208061832323,-0.3017570043720155,14.425653587112272,17.131595727660027
6469,8.884722222222223,-26.651530909410635,-0.29704603402562635,14.375373315774551,18.40341116219444
6470,8.886111111111111,-38.16884802660032,-0.425412895347977,15.007473582831942,18.972626503388692
6471,8.8875,-40.9420844935915,-0.45632214768079865,14.816455415873724,20.495128049779385
6472,8.88888888888889,-16.232835569156666,-0.1809239192749524,15.409673932174062,21.50094225200341
6473,8.890277777777778,-2.193008311863213,-0.02444228903166624,17.255412081259966,19.67049568695376
6474,8.891666666666667,0.0,0.0,17.457552865801944,17.78382355329627
6475,8.893055555555556,0.0,0.0,16.826002610179852,16.826002610179852
6476,8.894444444444444,0.0,0.0,16.344471196648144,16.344471196648144
6477,8.895833333333334,0.0,0.0,16.05326999705074,16.05326999705074
6478,8.897222222222222,0.0,0.0,15.853716185354155,15.853716185354155
6479,8.89861111111111,0.0,0.0,15.703057175423668,15.703057175423668
6480,8.9,0.0,0.0,15.58060106416861,15.58060106416861
6481,8.901388888888889,0.0,0.0,15.477319630284045,15.477319630284045
6482,8.902777777777779,0.0,0.0,15.388494078225797,15.388494078225797
6483,8.904166666666667,0.0,0.0,15.309752078708826,15.309752078708826
6484,8.905555555555555,0.0,0.0,15.239025022329603,15.239025022329603
6485,8.906944444444445,0.32238611174458154,0.003593171298270762,15.172762773534835,15.172762773534835
6486,8.908333333333333,0.0,0.0,15.134240423511072,15.086276565942214
6487,8.909722222222221,0.0,0.0,15.066641085108607,15.066641085108607
6488,8.911111111111111,-4.980644601682385,-0.05551203534422461,15.041050993537175,15.041050993537175
6489,8.9125,-21.19908034801106,-0.23627546063944033,14.766463511637602,15.507472257279405
6490,8.91388888888889,-34.354589073985395,-0.3829008723624254,14.120246445266528,17.27419642437833
6491,8.915277777777778,-33.50584657553544,-0.3734411683802974,14.169723197792084,19.280919236183284
6492,8.916666666666666,-47.70915417434671,-0.5317448773347121,15.132927960989129,20.11785006007198
6493,8.918055555555556,-53.93750107165462,-0.6011632439820052,14.967310145570814,22.065367388687978
6494,8.919444444444444,-57.93811067263182,-0.6457522478817965,15.592946328977616,23.617642569833585
6495,8.920833333333333,-59.32557595452904,-0.6612163148705447,16.25849246209105,24.87839011547529
6496,8.922222222222222,-28.780163542748703,-0.3207708205596462,16.956297540976735,25.782619059218334
6497,8.92361111111111,-11.574916408501664,-0.1290088372412975,19.11021021320144,23.3920561571932
6498,8.925,-4.280135573520593,-0.04770447527115084,19.294166204514315,21.016255406758404
6499,8.926388888888889,-2.4835459136280185,-0.027680491093412675,18.72747551375018,19.364264151799162
6500,8.927777777777777,-1.782189837064581,-0.019863490198001457,18.042479012601017,18.41197521025778
6501,8.929166666666667,0.0,0.0,17.55004185389941,17.815191922067836
6502,8.930555555555555,0.0,0.0,17.261835498533657,17.261835498533657
6503,8.931944444444444,0.0,0.0,16.915951120710027,16.915951120710027
6504,8.933333333333334,0.0,0.0,16.652690388686057,16.652690388686057
6505,8.934722222222222,0.0,0.0,16.440357412188344,16.440357412188344
6506,8.936111111111112,0.0,0.0,16.262249454182832,16.262249454182832
6507,8.9375,0.0,0.0,16.10523647477344,16.10523647477344
6508,8.938888888888888,0.0,0.0,15.968004469920736,15.968004469920736
6509,8.940277777777778,0.0,0.0,15.846377199146517,15.846377199146517
6510,8.941666666666666,0.0,0.0,15.744409038970968,15.744409038970968
6511,8.943055555555556,-5.739599969557796,-0.06397101215858265,15.665512590442493,15.665512590442493
6512,8.944444444444445,-23.467475967620825,-0.2615579828591399,15.313260355341614,16.16718471936693
6513,8.945833333333333,-36.05715636129519,-0.4018769252607063,14.588094912651531,18.0795315279587
6514,8.947222222222223,-45.72706091449351,-0.5096533530650716,14.713481956077622,20.077982004458622
6515,8.948611111111111,-44.69620300968952,-0.4981638722803911,15.148456003836763,21.951622011443412
6516,8.95,-58.40059909993089,-0.6509069368780458,16.144966478248495,22.794763839010574
6517,8.95138888888889,-64.29775007219496,-0.7166339419913946,16.04344003274471,24.732145641081402
6518,8.952777777777778,-67.14722089533434,-0.7483928683345872,16.714413682668983,26.28048372759721
6519,8.954166666666667,-64.99148271314358,-0.7243659754857689,17.46167008204022,27.45167778348869
6520,8.955555555555556,-36.72124230818618,-0.4092785299732696,18.32447392406701,27.99375590142392
6521,8.956944444444444,-17.06548414797534,-0.1902042476326689,20.23711519058825,25.70041640505482
6522,8.958333333333334,-7.747951729862036,-0.0863552019206841,20.568124655549457,23.107087784536773
6523,8.959722222222222,-3.6058850458098486,-0.04018958069053812,20.025643290992566,21.178365569289433
6524,8.96111111111111,-2.8113536450652776,-0.03133408933800705,19.34186511860049,19.878340327817696
6525,8.9625,0.0,0.0,18.695689436269827,19.11395610749179
6526,8.963888888888889,0.0,0.0,18.348960022948244,18.348960022948244
6527,8.965277777777779,0.0,0.0,17.8766592915064,17.8766592915064
6528,8.966666666666667,0.0,0.0,17.519478947287354,17.519478947287354
6529,8.968055555555555,0.0,0.0,17.232445618886494,17.232445618886494
6530,8.969444444444445,0.0,0.0,16.989139295936045,16.989139295936045
6531,8.970833333333333,0.0,0.0,16.773996796422797,16.773996796422797
6532,8.972222222222221,0.0,0.0,16.589600254760505,16.589600254760505
6533,8.973611111111111,0.0,0.0,16.43166203007943,16.43166203007943
6534,8.975,0.0,0.0,16.299285536113285,16.299285536113285
6535,8.97638888888889,-0.9825761459101302,-0.010951353911445671,16.19305594401743,16.19305594401743
6536,8.977777777777778,-8.469636968064995,-0.09439878255219421,16.055706346936297,16.20189174573638
6537,8.979166666666666,-14.884334513735178,-0.16589413011372697,15.641638100769933,16.90173103404755
6538,8.980555555555556,-19.671852079842125,-0.21925365796501228,15.560369623660714,17.774826371690946
6539,8.981944444444444,-19.51514812553749,-0.21750710583258343,15.686786961743502,18.61351946323759
6540,8.983333333333333,-21.413383593627668,-0.238663988690816,16.09093198336556,18.994350434188945
6541,8.984722222222222,-22.84997768282041,-0.25467562337513655,16.237496978965275,19.42333049764296
6542,8.98611111111111,-23.63349745434357,-0.26340838403728073,16.410666755332958,19.810233408808006
6543,8.9875,-21.492159094980806,-0.23954198516819916,16.604949351610852,20.121086258439416
6544,8.988888888888889,-14.456575070903614,-0.16112651483331317,16.919382419767036,20.11693597472783
6545,8.990277777777777,0.0,0.0,17.351955461060754,19.50277115185474
6546,8.991666666666667,0.0,0.0,17.895012120846996,17.895012120846996
6547,8.993055555555555,0.0,0.0,17.271223450070227,17.271223450070227
6548,8.994444444444444,0.0,0.0,16.922018673214176,16.922018673214176
6549,8.995833333333334,0.0,0.0,16.693173467555866,16.693173467555866
6550,8.997222222222222,0.0,0.0,16.519501520080375,16.519501520080375
6551,8.998611111111112,0.0,0.0,16.37027971190121,16.37027971190121
6552,9.0,0.0,0.0,16.235718669029122,16.235718669029122
6553,9.001344086021506,0.0,0.0,16.113932325724086,16.113932325724086
6554,9.00268817204301,0.0,0.0,16.003812740240893,16.003812740240893
6555,9.004032258064516,0.0,0.0,15.902795884448205,15.902795884448205
6556,9.005376344086022,0.0,0.0,15.817419472194619,15.817419472194619
6557,9.006720430107526,0.0,0.0,15.74622966469073,15.74622966469073
6558,9.008064516129032,0.0,0.0,15.686271911281821,15.686271911281821
6559,9.009408602150538,0.0,0.0,15.637306996798348,15.637306996798348
6560,9.010752688172044,0.0,0.0,15.5965456420202,15.5965456420202
6561,9.012096774193548,0.0,0.0,15.55925041309439,15.55925041309439
6562,9.013440860215054,0.0,0.0,15.524666604917499,15.524666604917499
6563,9.01478494623656,0.0,0.0,15.49233913667517,15.49233913667517
6564,9.016129032258064,0.0,0.0,15.462007369068624,15.462007369068624
6565,9.01747311827957,0.0,0.0,15.43414936395109,15.43414936395109
6566,9.018817204301076,0.0,0.0,15.410931674562192,15.410931674562192
6567,9.02016129032258,0.0,0.0,15.39342289747601,15.39342289747601
6568,9.021505376344086,0.0,0.0,15.380242451226415,15.380242451226415
6569,9.022849462365592,0.0,0.0,15.369454141995586,15.369454141995586
6570,9.024193548387096,0.0,0.0,15.36105409818426,15.36105409818426
6571,9.025537634408602,0.0,0.0,15.35485471776099,15.35485471776099
6572,9.026881720430108,0.0,0.0,15.345682241266017,15.345682241266017
6573,9.028225806451612,0.0,0.0,15.332790957931497,15.332790957931497
6574,9.029569892473118,0.0,0.0,15.313347039054246,15.313347039054246
6575,9.030913978494624,0.0,0.0,15.28728154175329,15.28728154175329
6576,9.03225806451613,0.0,0.0,15.254403704747748,15.254403704747748
6577,9.033602150537634,0.0,0.0,15.217899468463905,15.217899468463905
6578,9.03494623655914,0.0,0.0,15.18039947119316,15.18039947119316
6579,9.036290322580646,0.0,0.0,15.143673804699747,15.143673804699747
6580,9.03763440860215,0.0,0.0,15.114695470349027,15.114695470349027
6581,9.038978494623656,3.9463341852327,0.0439840744101198,15.093589027626619,15.093589027626619
6582,9.040322580645162,0.9608843540171585,0.010709586908468694,15.27482519720253,14.687698755075967
6583,9.041666666666666,-0.15500985750133953,-0.0017276704877539292,14.959691922212281,14.81673377787157
6584,9.043010752688172,-9.18623991585807,-0.10238571824967957,14.916118564291539,14.939180571171207
6585,9.044354838709678,-18.48513726913515,-0.20602706587024044,14.500204966004857,15.86691242289012
6586,9.045698924731182,-25.69267211874661,-0.28635902313962935,14.39316164616449,17.143337472038823
6587,9.047043010752688,-28.3117457766381,-0.3155500458070346,14.592347973216587,18.41484410804774
6588,9.048387096774194,-40.18312912571609,-0.4478631708664407,15.080690113129537,19.292845948900222
6589,9.049731182795698,-46.138726437693784,-0.5142415927210738,14.987367691208703,20.965720392654536
6590,9.051075268817204,-49.858963017725934,-0.5557056844271682,15.496808174238105,22.36122082306617
6591,9.05241935483871,-49.753929015921756,-0.554535022457324,16.079955001396517,23.49785581533662
6592,9.053763440860216,-23.652979567581447,-0.2636255229510422,16.771020142958346,24.173294241854304
6593,9.05510752688172,-7.261745947316851,-0.08093616989898599,18.581798398075428,22.100833808500887
6594,9.056451612903226,-1.7550842882118876,-0.019561383883202953,18.809925219600302,19.890310929870232
6595,9.057795698924732,-0.06776387213173311,-0.0007552657869962531,18.21831369514716,18.47943106265903
6596,9.059139784946236,0.0,0.0,17.62617861851098,17.636260370152364
6597,9.060483870967742,0.0,0.0,17.15678474861815,17.15678474861815
6598,9.061827956989248,0.0,0.0,16.83355653993936,16.83355653993936
6599,9.063172043010752,0.0,0.0,16.587157868682112,16.587157868682112
6600,9.064516129032258,0.0,0.0,16.38583397992156,16.38583397992156
6601,9.065860215053764,0.0,0.0,16.21691127440382,16.21691127440382
6602,9.067204301075268,0.0,0.0,16.070334056098684,16.070334056098684
6603,9.068548387096774,0.0,0.0,15.939408989553757,15.939408989553757
6604,9.06989247311828,0.0,0.0,15.823690507065503,15.823690507065503
6605,9.071236559139784,1.4150240713100495,0.0157712249199549,15.723865475247173,15.723865475247173
6606,9.07258064516129,0.11727518735618762,0.0013070967447302326,15.712214675734144,15.501690678141495
6607,9.073924731182796,-0.4878998793484785,-0.0054379136663730235,15.529604483371378,15.512156553147976
6608,9.075268817204302,-12.023852061374395,-0.13401247308014766,15.465842236981153,15.538430848799125
6609,9.076612903225806,-20.537535546325014,-0.2289021783938894,14.87324795596399,16.662128762832253
6610,9.077956989247312,-32.057393808719645,-0.3572973621832525,14.86455490290927,17.920081781622052
6611,9.079301075268818,-33.62866859377421,-0.37481008761922807,14.844579585361824,19.61400424311007
6612,9.080645161290322,-45.78635430260877,-0.5103142106286933,15.546551323624028,20.54974659755689
6613,9.081989247311828,-51.85630314880877,-0.5779671434988827,15.490241094578298,22.30222863487116
6614,9.083333333333334,-54.71170331075968,-0.6097921555984375,16.04127942717804,23.75633987074797
6615,9.084677419354838,-54.80403158653916,-0.6108212052332197,16.70381220465407,24.843692458012868
6616,9.086021505376344,-27.27495853302258,-0.3039944792659919,17.377743185128107,25.53135982509829
6617,9.08736559139785,-9.198098593481124,-0.1025178897624039,19.267828985741417,23.32573402139891
6618,9.088709677419354,-2.8672588395739576,-0.031957183612278964,19.53268311822675,20.901154881649255
6619,9.09005376344086,-0.8927890153355839,-0.009950626743675636,18.891322807550186,19.31790692387629
6620,9.091397849462366,-0.04828175889385985,-0.0005381268732348304,18.22833529850853,18.361162376383778
6621,9.09274193548387,0.0,0.0,17.734585140469026,17.741768388513513
6622,9.094086021505376,0.0,0.0,17.34257131164667,17.34257131164667
6623,9.095430107526882,0.0,0.0,17.04836111537927,17.04836111537927
6624,9.096774193548388,0.0,0.0,16.813825522423386,16.813825522423386
6625,9.098118279569892,0.0,0.0,16.618800633606007,16.618800633606007
6626,9.099462365591398,0.0,0.0,16.451667862457676,16.451667862457676
6627,9.100806451612904,0.0,0.0,16.303251016268085,16.303251016268085
6628,9.102150537634408,0.0,0.0,16.171077070314784,16.171077070314784
6629,9.103494623655914,1.4391547682969195,0.016040174867430257,16.053065378855823,16.053065378855823
6630,9.10483870967742,0.117757801295925,0.0013124757436797393,16.02548315304415,15.811369046352038
6631,9.106182795698924,0.0,0.0,15.825993440515877,15.808473708110485
6632,9.10752688172043,0.0,0.0,15.774222774279183,15.774222774279183
6633,9.108870967741936,0.0,0.0,15.730221721135008,15.730221721135008
6634,9.11021505376344,-0.1177397278288863,-0.0013122743049059898,15.686059505146071,15.686059505146071
6635,9.111559139784946,-0.400653893978872,-0.004465508965615346,15.636910718143238,15.654427761620145
6636,9.112903225806452,-5.357581140415149,-0.05971320128439126,15.586155426661579,15.645763783241268
6637,9.114247311827956,-12.056886949038615,-0.13438066515130834,15.313039053874839,16.110127543021846
6638,9.115591397849462,-14.365940891927423,-0.1601163468432057,15.140440724562843,16.934236385356282
6639,9.116935483870968,-14.023733337662168,-0.1563022546188746,15.367815891825385,17.505147239799022
6640,9.118279569892474,-0.07369321094325977,-0.0008213515433584253,15.677644736648844,17.764063238833486
6641,9.119623655913978,0.0,0.0,16.556538608454275,16.567502513364282
6642,9.120967741935484,0.0,0.0,16.1609449918905,16.1609449918905
6643,9.12231182795699,0.0,0.0,15.956124043277557,15.956124043277557
6644,9.123655913978494,0.0,0.0,15.83378547860361,15.83378547860361
6645,9.125,0.0,0.0,15.750270829880874,15.750270829880874
6646,9.126344086021506,0.0,0.0,15.680633485643458,15.680633485643458
6647,9.12768817204301,0.0,0.0,15.616401959812567,15.616401959812567
6648,9.129032258064516,0.0,0.0,15.554656729322923,15.554656729322923
6649,9.130376344086022,0.0,0.0,15.496022996927136,15.496022996927136
6650,9.131720430107526,0.0,0.0,15.439764566182378,15.439764566182378
6651,9.133064516129032,0.0,0.0,15.38460585296143,15.38460585296143
6652,9.134408602150538,0.0,0.0,15.337309711514276,15.337309711514276
6653,9.135752688172044,3.5032945885537696,0.03904615337447226,15.298719229537445,15.298719229537445
6654,9.137096774193548,0.49998804156794385,0.0055726429116893855,15.444224400549807,14.923012361489429
6655,9.138440860215054,0.0,0.0,15.136236846744215,15.061849786203293
6656,9.13978494623656,-0.572604719513145,-0.00638199590011834,15.125911678107439,15.125911678107439
6657,9.141129032258064,-5.1924067020940505,-0.0578722409285879,15.109663714726334,15.194854516096038
6658,9.14247311827957,-10.364484242548581,-0.11551790212107693,14.897632544546992,15.670146764068123
6659,9.143817204301076,-6.352863012349981,-0.07080616753089874,14.818449086733022,16.36045300028287
6660,9.14516129032258,-16.814757821087927,-0.18740976422078276,15.317927549291227,16.263091765671078
6661,9.146505376344086,-19.828556034146757,-0.2210002100974411,14.82016657583058,17.32182722374477
6662,9.147849462365592,-23.04988110560902,-0.2569036574467755,15.105010725502167,18.055057277666958
6663,9.149193548387096,-26.90733952670793,-0.29989716237153724,15.329621743355599,18.758929564172732
6664,9.150537634408602,-3.643155175482302,-0.040604976873386066,15.523326397298781,19.52653793030176
6665,9.151881720430108,0.0,0.0,17.109676133677564,17.651696306297527
6666,9.153225806451612,0.0,0.0,16.702229308439552,16.702229308439552
6667,9.154569892473118,0.0,0.0,16.280889160609686,16.280889160609686
6668,9.155913978494624,0.0,0.0,16.042615053850596,16.042615053850596
6669,9.15725806451613,0.0,0.0,15.89039936603643,15.89039936603643
6670,9.158602150537634,0.0,0.0,15.773697172957792,15.773697172957792
6671,9.15994623655914,0.0,0.0,15.673609511409175,15.673609511409175
6672,9.161290322580646,0.0,0.0,15.581818325784791,15.581818325784791
6673,9.16263440860215,0.0,0.0,15.498557243063868,15.498557243063868
6674,9.163978494623656,0.0,0.0,15.422272823867438,15.422272823867438
6675,9.165322580645162,0.0,0.0,15.349583770549218,15.349583770549218
6676,9.166666666666666,0.0,0.0,15.288595445749724,15.288595445749724
6677,9.168010752688172,0.6341547168149404,0.007068004619652368,15.237688121476301,15.237688121476301
6678,9.169354838709678,0.0,0.0,15.229819487913659,15.135471420779709
6679,9.170698924731182,0.0,0.0,15.145794539492124,15.145794539492124
6680,9.172043010752688,0.0,0.0,15.131571765677077,15.131571765677077
6681,9.173387096774194,0.0,0.0,15.113736365731437,15.113736365731437
6682,9.174731182795698,-0.22192668123142598,-0.0024734954524127293,15.095423653607234,15.095423653607234
6683,9.176075268817204,-6.214794122881574,-0.06926731348989387,15.066051053364198,15.099068789989735
6684,9.17741935483871,-22.10118689576476,-0.24632993642882797,14.75648058725515,15.681103234665677
6685,9.178763440860216,-28.855550850495256,-0.3216110537476795,14.177509414279664,17.465672712117406
6686,9.18010752688172,-28.85216265688867,-0.3215732904583297,14.568315741374604,18.861377634067406
6687,9.181451612903226,-24.53052171168739,-0.2734062148926436,15.261277228385858,19.55383503349659
6688,9.182795698924732,-6.925467731863125,-0.07718816343101707,15.92703372736325,19.576627821544648
6689,9.184139784946236,-0.4396181204546187,-0.004899786793138193,16.97224835808219,18.002603375831743
6690,9.185483870967742,0.0,0.0,16.78798749502874,16.853392858802227
6691,9.186827956989248,0.0,0.0,16.32160293305703,16.32160293305703
6692,9.188172043010752,0.0,0.0,16.032286177868418,16.032286177868418
6693,9.189516129032258,0.0,0.0,15.850166176669664,15.850166176669664
6694,9.190860215053764,0.0,0.0,15.719027052326634,15.719027052326634
6695,9.192204301075268,0.0,0.0,15.615918639637453,15.615918639637453
6696,9.193548387096774,0.0,0.0,15.531662787737076,15.531662787737076
6697,9.19489247311828,0.0,0.0,15.458270953413056,15.458270953413056
6698,9.196236559139784,0.0,0.0,15.38927747302961,15.38927747302961
6699,9.19758064516129,0.0,0.0,15.32268844342485,15.32268844342485
6700,9.198924731182796,0.0,0.0,15.264826428328911,15.264826428328911
6701,9.200268817204302,2.483531333888648,0.027680328594163688,15.21481846341299,15.21481846341299
6702,9.201612903225806,0.7219904538471468,0.008046982428462666,15.299139521993903,14.92964549347693
6703,9.202956989247312,0.0,0.0,15.085593259399403,14.978177195143399
6704,9.204301075268818,0.0,0.0,15.035544649892204,15.035544649892204
6705,9.205645161290322,0.0,0.0,15.041291456684922,15.041291456684922
6706,9.206989247311828,0.0,0.0,15.034379727651258,15.034379727651258
6707,9.208333333333334,0.010134892734485349,0.00011295897793964971,15.021757973327029,15.021757973327029
6708,9.209677419354838,0.07287470490034705,0.0008122288413755766,15.007900203087305,15.00639235726553
6709,9.211021505376344,0.006756595156323566,7.53059852930998e-05,14.996586381005912,14.985744251525526
6710,9.21236559139785,0.0593615145876999,0.0006616168707893769,14.976857261621197,14.975852031073346
6711,9.213709677419354,0.16215828375176558,0.0018073436470343953,14.96766267758374,14.958831009199054
6712,9.21505376344086,1.1959173426692713,0.013329159396878667,14.960172617695562,14.936047084547155
6713,9.216397849462366,0.0,0.0,14.997681156887898,14.819755349918395
6714,9.21774193548387,0.0,0.0,14.886267850691688,14.886267850691688
6715,9.219086021505376,0.0,0.0,14.900486118437284,14.900486118437284
6716,9.220430107526882,0.0,0.0,14.904896234578542,14.904896234578542
6717,9.221774193548388,0.0,0.0,14.904401281095742,14.904401281095742
6718,9.223118279569892,0.0,0.0,14.897795347371778,14.897795347371778
6719,9.224462365591398,0.0,0.0,14.887157264599665,14.887157264599665
6720,9.225806451612904,0.0,0.0,14.873474783468907,14.873474783468907
6721,9.227150537634408,0.0,0.0,14.858300105023686,14.858300105023686
6722,9.228494623655914,0.0,0.0,14.8422792307467,14.8422792307467
6723,9.22983870967742,0.0,0.0,14.825282065308468,14.825282065308468
6724,9.231182795698924,0.0,0.0,14.814148375988847,14.814148375988847
6725,9.23252688172043,0.0,0.0,14.805974266101629,14.805974266101629
6726,9.233870967741936,0.0,0.0,14.79848999463151,14.79848999463151
6727,9.23521505376344,0.0,0.0,14.791178998743298,14.791178998743298
6728,9.236559139784946,0.0,0.0,14.783665976678446,14.783665976678446
6729,9.237903225806452,0.0,0.0,14.776314054339641,14.776314054339641
6730,9.239247311827956,0.0,0.0,14.769116141633717,14.769116141633717
6731,9.240591397849462,0.0,0.0,14.761986649037084,14.761986649037084
6732,9.241935483870968,0.0,0.0,14.754979536249508,14.754979536249508
6733,9.243279569892474,0.0,0.0,14.748216585829907,14.748216585829907
6734,9.244623655913978,0.0,0.0,14.741586204790035,14.741586204790035
6735,9.245967741935484,0.0,0.0,14.735090409602648,14.735090409602648
6736,9.24731182795699,0.0,0.0,14.728751275952188,14.728751275952188
6737,9.248655913978494,0.0,0.0,14.723469004109045,14.723469004109045
6738,9.25,0.0,0.0,14.721083301064722,14.721083301064722
6739,9.251344086021506,0.0,0.0,14.722048086559258,14.722048086559258
6740,9.25268817204301,0.0,0.0,14.7240733969327,14.7240733969327
6741,9.254032258064516,0.0,0.0,14.725536526229575,14.725536526229575
6742,9.255376344086022,0.0,0.0,14.724088333945007,14.724088333945007
6743,9.256720430107526,0.0,0.0,14.717568415841754,14.717568415841754
6744,9.258064516129032,0.0,0.0,14.705616465427878,14.705616465427878
6745,9.259408602150538,0.0,0.0,14.690868882967763,14.690868882967763
6746,9.260752688172044,0.0,0.0,14.675849909301373,14.675849909301373
6747,9.262096774193548,0.0,0.0,14.66217415640628,14.66217415640628
6748,9.263440860215054,0.0,0.0,14.653507767916972,14.653507767916972
6749,9.26478494623656,0.0,0.0,14.64798025786452,14.64798025786452
6750,9.266129032258064,0.0,0.0,14.643143508631258,14.643143508631258
6751,9.26747311827957,0.0,0.0,14.638408446737076,14.638408446737076
6752,9.268817204301076,0.0,0.0,14.633739900960554,14.633739900960554
6753,9.27016129032258,0.0,0.0,14.629134740763599,14.629134740763599
6754,9.271505376344086,0.0,0.0,14.62459371067553,14.62459371067553
6755,9.272849462365592,0.0,0.0,14.619804913462126,14.619804913462126
6756,9.274193548387096,0.0,0.0,14.614900337615975,14.614900337615975
6757,9.275537634408602,0.0,0.0,14.610429926360487,14.610429926360487
6758,9.276881720430108,0.0,0.0,14.606128879962686,14.606128879962686
6759,9.278225806451612,0.0,0.0,14.601886476732629,14.601886476732629
6760,9.279569892473118,0.0,0.0,14.597696678468195,14.597696678468195
6761,9.280913978494624,0.0,0.0,14.594184027737857,14.594184027737857
6762,9.28225806451613,0.0,0.0,14.59044851053099,14.59044851053099
6763,9.283602150537634,0.0,0.0,14.586434479982504,14.586434479982504
6764,9.28494623655914,0.0,0.0,14.582427599282802,14.582427599282802
6765,9.286290322580646,0.0,0.0,14.578444876199185,14.578444876199185
6766,9.28763440860215,0.0,0.0,14.574369684213684,14.574369684213684
6767,9.288978494623656,0.0,0.0,14.570343899339155,14.570343899339155
6768,9.290322580645162,0.0,0.0,14.56658078870378,14.56658078870378
6769,9.291666666666666,0.0,0.0,14.562851262945223,14.562851262945223
6770,9.293010752688172,0.0,0.0,14.5591721133209,14.5591721133209
6771,9.294354838709678,0.0,0.0,14.555563292201718,14.555563292201718
6772,9.295698924731182,0.0,0.0,14.552263467831535,14.552263467831535
6773,9.297043010752688,2.074274712991335,0.02311893748498164,14.548775440347026,14.548775440347026
6774,9.298387096774194,0.35182556206856286,0.003921290234190697,14.649251141647216,14.340645363457176
6775,9.299731182795698,0.0,0.0,14.479998971726387,14.427655181056181
6776,9.301075268817204,0.0,0.0,14.478343914445778,14.478343914445778
6777,9.30241935483871,0.0,0.0,14.495290926997448,14.495290926997448
6778,9.303763440860216,0.0,0.0,14.502416433773215,14.502416433773215
6779,9.30510752688172,0.0,0.0,14.50470692099,14.50470692099
6780,9.306451612903226,-0.00847048401646664,-9.440822337453163e-05,14.505062173625614,14.505062173625614
6781,9.307795698924732,-0.9038006445569905,-0.010073357434062527,14.503998688334528,14.5052589072897
6782,9.309139784946236,-4.058208892289167,-0.0452309798187381,14.45816116182631,14.592626524343283
6783,9.310483870967742,-9.159134367005377,-0.10208361193488105,14.332740146101134,14.936511047524583
6784,9.311827956989248,0.0,0.0,14.215815860134745,15.578490616363455
6785,9.313172043010752,0.0,0.0,14.952481649078619,14.952481649078619
6786,9.314516129032258,0.0,0.0,14.772288578711791,14.772288578711791
6787,9.315860215053764,0.0,0.0,14.687348885567664,14.687348885567664
6788,9.317204301075268,0.0,0.0,14.640325607724552,14.640325607724552
6789,9.318548387096774,0.0,0.0,14.612000533506752,14.612000533506752
6790,9.31989247311828,0.0,0.0,14.591231928499267,14.591231928499267
6791,9.321236559139784,0.0,0.0,14.575142153742462,14.575142153742462
6792,9.32258064516129,0.0,0.0,14.562116115233081,14.562116115233081
6793,9.323924731182796,0.0,0.0,14.551208470986442,14.551208470986442
6794,9.325268817204302,0.0,0.0,14.541826561795977,14.541826561795977
6795,9.326612903225806,0.0,0.0,14.533386098912526,14.533386098912526
6796,9.327956989247312,0.0,0.0,14.524889077314615,14.524889077314615
6797,9.329301075268818,10.908522879884398,0.12158151325570965,14.51513844092224,14.51513844092224
6798,9.330645161290322,4.748921167015992,0.05292934966315015,15.053751742774496,13.43080702327019
6799,9.331989247311828,0.0,0.0,14.322280623512231,13.615747152737452
6800,9.333333333333334,0.0,0.0,14.070705626737913,14.070705626737913
6801,9.334677419354838,0.0,0.0,14.219331193307516,14.219331193307516
6802,9.336021505376344,0.0,0.0,14.291021049420362,14.291021049420362
6803,9.33736559139785,0.0,0.0,14.327834938749547,14.327834938749547
6804,9.338709677419354,-0.2668202465186991,-0.002973859036297746,14.349279520292185,14.349279520292185
6805,9.34005376344086,-2.2218079575191996,-0.02476327699113965,14.350229718838504,14.389926615926457
6806,9.341397849462366,-3.8261176302379813,-0.042644194498275945,14.272311446797199,14.602866878739112
6807,9.34274193548387,-4.778200033688831,-0.053255678805573296,14.279613943892356,14.84885484594406
6808,9.344086021505376,0.0,0.0,14.346039662405365,15.056929175018531
6809,9.345430107526882,0.0,0.0,14.694351614450582,14.694351614450582
6810,9.346774193548388,0.0,0.0,14.584480492003575,14.584480492003575
6811,9.348118279569892,0.0,0.0,14.534585979568002,14.534585979568002
6812,9.349462365591398,0.0,0.0,14.50969329716304,14.50969329716304
6813,9.350806451612904,0.0,0.0,14.49319163524337,14.49319163524337
6814,9.352150537634408,0.0,0.0,14.480044167554041,14.480044167554041
6815,9.353494623655914,0.0,0.0,14.46983263715364,14.46983263715364
6816,9.35483870967742,0.0,0.0,14.461537037425419,14.461537037425419
6817,9.356182795698924,0.0,0.0,14.45455118241369,14.45455118241369
6818,9.35752688172043,0.0,0.0,14.448441752378706,14.448441752378706
6819,9.358870967741936,0.0,0.0,14.442523432186363,14.442523432186363
6820,9.36021505376344,0.0,0.0,14.436255471155192,14.436255471155192
6821,9.361559139784946,11.404167395994703,0.12710574517685344,14.429820136481164,14.429820136481164
6822,9.362903225806452,5.521103470595828,0.061535747982361555,14.996537407862327,13.299851847455004
6823,9.364247311827956,0.0,0.0,14.261699941712859,13.440282979755187
6824,9.365591397849462,0.0,0.0,13.951308461845413,13.951308461845413
6825,9.366935483870968,0.0,0.0,14.117188812054719,14.117188812054719
6826,9.368279569892474,0.0,0.0,14.197656867140498,14.197656867140498
6827,9.369623655913978,0.0,0.0,14.239493769072872,14.239493769072872
6828,9.370967741935484,0.0,0.0,14.264064593693375,14.264064593693375
6829,9.37231182795699,-0.9063417897619305,-0.010101679901074885,14.281089255717252,14.281089255717252
6830,9.373655913978494,-3.1044323920350236,-0.03460061386676585,14.24782719422887,14.382670622432396
6831,9.375,-4.567284981678812,-0.05090491404354746,14.181208966365235,14.643079213436188
6832,9.376344086021506,0.0,0.0,14.218898750604984,14.898408811234338
6833,9.37768817204301,0.0,0.0,14.572486014348302,14.572486014348302
6834,9.379032258064516,0.0,0.0,14.478373879116322,14.478373879116322
6835,9.380376344086022,0.0,0.0,14.437389025184517,14.437389025184517
6836,9.381720430107526,0.0,0.0,14.419077753759563,14.419077753759563
6837,9.383064516129032,0.0,0.0,14.408667303355744,14.408667303355744
6838,9.384408602150538,0.0,0.0,14.40017628478976,14.40017628478976
6839,9.385752688172044,0.0,0.0,14.392564873284124,14.392564873284124
6840,9.387096774193548,0.0,0.0,14.386456712371526,14.386456712371526
6841,9.388440860215054,0.0,0.0,14.381129625313793,14.381129625313793
6842,9.38978494623656,0.0,0.0,14.3756441261008,14.3756441261008
6843,9.391129032258064,0.0,0.0,14.36895299293837,14.36895299293837
6844,9.39247311827957,0.0,0.0,14.363871776859334,14.363871776859334
6845,9.393817204301076,15.029563311302034,0.167512785285551,14.358904285142717,14.358904285142717
6846,9.39516129032258,8.340051492601967,0.0929544808464327,15.10859330214243,12.872529750631433
6847,9.396505376344086,0.0,0.0,14.195630346145144,12.95481683918793
6848,9.397849462365592,0.0,0.0,13.694526578479328,13.694526578479328
6849,9.399193548387096,0.0,0.0,13.931931724900737,13.931931724900737
6850,9.400537634408602,0.0,0.0,14.047395007799722,14.047395007799722
6851,9.401881720430108,0.0,0.0,14.107393607052526,14.107393607052526
6852,9.403225806451612,-4.622343127785846,-0.05151856749548192,14.141877468477563,14.141877468477563
6853,9.404569892473118,-12.219520242154774,-0.13619330304009933,13.93502438850218,14.62272587234016
6854,9.405913978494624,-17.838839338678742,-0.19882371842676363,13.74966344641296,15.567655311145723
6855,9.40725806451613,-18.8273448234004,-0.20984115809457146,13.876152145670773,16.530173265265393
6856,9.408602150537634,-0.9071888381635772,-0.01011112072341234,14.293018706717106,17.094107378380432
6857,9.40994623655914,0.0,0.0,15.535071008299289,15.670040458398331
6858,9.411290322580646,0.0,0.0,15.14107485354296,15.14107485354296
6859,9.41263440860215,0.0,0.0,14.90067786609579,14.90067786609579
6860,9.413978494623656,0.0,0.0,14.773095593909954,14.773095593909954
6861,9.415322580645162,0.0,0.0,14.69495062611875,14.69495062611875
6862,9.416666666666666,0.0,0.0,14.637634795375975,14.637634795375975
6863,9.418010752688172,0.0,0.0,14.593952186815432,14.593952186815432
6864,9.419354838709678,0.0,0.0,14.55973847825652,14.55973847825652
6865,9.420698924731182,0.0,0.0,14.53165314834349,14.53165314834349
6866,9.422043010752688,0.0,0.0,14.506823023634258,14.506823023634258
6867,9.423387096774194,0.0,0.0,14.482328080772527,14.482328080772527
6868,9.424731182795698,0.0,0.0,14.458599582434164,14.458599582434164
6869,9.426075268817204,13.581238878150106,0.15137040943808014,14.436025489751719,14.436025489751719
6870,9.42741935483871,7.373375771307959,0.0821803459505699,15.100423125126888,13.079837921765801
6871,9.428763440860216,2.982554147577117,0.03324221350795406,14.259756181710857,13.162762445278226
6872,9.43010752688172,1.4753508137772244,0.016443599788643293,13.964568631764285,13.520831147070368
6873,9.431451612903226,0.2533723183621337,0.0028239744484912423,13.981184319465807,13.761685049124496
6874,9.432795698924732,0.0,0.0,14.00895835247383,13.971262206929444
6875,9.434139784946236,0.4136001463549498,0.00460980209972761,14.080161286408769,14.080161286408769
6876,9.435483870967742,0.4980575858089943,0.0055511269158913575,14.15335377742726,14.091819307462423
6877,9.436827956989248,0.19592849918860678,0.002183731352408671,14.173932288814791,14.099832437001826
6878,9.438172043010752,-1.1075398736843907,-0.012344143686208479,14.168106411970726,14.13895662453755
6879,9.439516129032258,0.22967475517287686,0.0025598520164490796,14.121548826452495,14.28632603867718
6880,9.440860215053764,1.2697572754490931,0.014152146236153258,14.250610293488096,14.216439816401907
6881,9.442204301075268,0.0,0.0,14.29200437216431,14.103092831350445
6882,9.443548387096774,0.0,0.0,14.186611323609386,14.186611323609386
6883,9.44489247311828,0.0,0.0,14.214098810290645,14.214098810290645
6884,9.446236559139784,0.0,0.0,14.232475645788247,14.232475645788247
6885,9.44758064516129,0.0,0.0,14.243291031410843,14.243291031410843
6886,9.448924731182796,0.0,0.0,14.249186622124897,14.249186622124897
6887,9.450268817204302,0.0,0.0,14.252337205991703,14.252337205991703
6888,9.451612903225806,0.0,0.0,14.254226033830331,14.254226033830331
6889,9.452956989247312,0.0,0.0,14.255306344990396,14.255306344990396
6890,9.454301075268818,0.0,0.0,14.255448081622205,14.255448081622205
6891,9.455645161290322,0.0,0.0,14.254658843081804,14.254658843081804
6892,9.456989247311828,0.0,0.0,14.254274710223596,14.254274710223596
6893,9.458333333333334,0.0,0.0,14.25395633544311,14.25395633544311
6894,9.459677419354838,0.0,0.0,14.254070193639475,14.254070193639475
6895,9.461021505376344,0.0,0.0,14.254020283175658,14.254020283175658
6896,9.46236559139785,0.0,0.0,14.253452063184634,14.253452063184634
6897,9.463709677419354,0.0,0.0,14.252776380326008,14.252776380326008
6898,9.46505376344086,0.0,0.0,14.25201093307533,14.25201093307533
6899,9.466397849462366,0.0,0.0,14.249328868881042,14.249328868881042
6900,9.46774193548387,0.0,0.0,14.24505216262373,14.24505216262373
6901,9.469086021505376,0.0,0.0,14.24285565230033,14.24285565230033
6902,9.470430107526882,0.0,0.0,14.24194058560872,14.24194058560872
6903,9.471774193548388,0.0,0.0,14.240974936174219,14.240974936174219
6904,9.473118279569892,0.0,0.0,14.239965177531428,14.239965177531428
6905,9.474462365591398,0.0,0.0,14.242719319675201,14.242719319675201
6906,9.475806451612904,0.0,0.0,14.245422538262051,14.245422538262051
6907,9.477150537634408,0.0,0.0,14.247075290001224,14.247075290001224
6908,9.478494623655914,0.0,0.0,14.249919056149112,14.249919056149112
6909,9.47983870967742,0.0,0.0,14.253677741269794,14.253677741269794
6910,9.481182795698924,0.0,0.0,14.255296300300461,14.255296300300461
6911,9.48252688172043,0.0,0.0,14.25391525730322,14.25391525730322
6912,9.483870967741936,0.0,0.0,14.251225546055087,14.251225546055087
6913,9.48521505376344,0.0,0.0,14.24627920024114,14.24627920024114
6914,9.486559139784946,0.0,0.0,14.239382787382867,14.239382787382867
6915,9.487903225806452,0.0,0.0,14.231891219169936,14.231891219169936
6916,9.489247311827956,0.0,0.0,14.228953133424989,14.228953133424989
6917,9.490591397849462,39.427628420786434,0.43944269817893444,14.2276511994372,14.2276511994372
6918,9.491935483870968,21.67322680572705,0.24156008482446617,16.203755437997902,10.337804378199483
6919,9.493279569892474,1.2861661494001646,0.0143350322004365,13.803808618993594,10.579316230217797
6920,9.494623655913978,0.0,0.0,12.57700635838184,12.385653543380338
6921,9.495967741935484,0.0,0.0,13.087688202723578,13.087688202723578
6922,9.49731182795699,-1.5390869457919885,-0.0171539741871524,13.414201639496559,13.414201639496559
6923,9.498655913978494,-8.019007218388968,-0.08937626506866911,13.50912608271873,13.738107866873689
6924,9.5,-11.992511270513468,-0.1336631626536619,13.345337610524457,14.538386895386862
6925,9.501344086021506,-11.137839433251987,-0.12413737291517168,13.500832063773409,15.285050060507533
6926,9.50268817204301,-10.423777630663848,-0.11617875968469865,13.918544449532137,15.575606353689292
6927,9.504032258064516,-11.818019299774257,-0.13171835325214656,14.16903627724361,15.719861723479669
6928,9.505376344086022,-1.799977853499161,-0.020061747467087974,14.23485848118078,15.993115967438337
6929,9.506720430107526,0.0,0.0,14.909801536598513,15.177598064572804
6930,9.508064516129032,0.0,0.0,14.751039484388816,14.751039484388816
6931,9.509408602150538,0.061291970346649495,0.0006831328665874054,14.576372015194336,14.576372015194336
6932,9.510752688172044,0.11582734553697542,0.001290959747881711,14.495292435496332,14.48617355838369
6933,9.512096774193548,0.0,0.0,14.44089165801624,14.423659134338806
6934,9.513440860215054,0.0,0.0,14.388869392038519,14.388869392038519
6935,9.51478494623656,0.0,0.0,14.359218468396918,14.359218468396918
6936,9.516129032258064,0.0,0.0,14.335616458471964,14.335616458471964
6937,9.51747311827957,0.0,0.0,14.314700905917228,14.314700905917228
6938,9.518817204301076,0.0,0.0,14.294257092907536,14.294257092907536
6939,9.52016129032258,0.0,0.0,14.276017829947598,14.276017829947598
6940,9.521505376344086,0.0,0.0,14.260871918500055,14.260871918500055
6941,9.522849462365592,9.327962227244422,0.10396529169607381,14.247197103318065,14.247197103318065
6942,9.524193548387096,4.256654948483847,0.04744277073465288,14.704481601564684,13.31668902807536
6943,9.525537634408602,0.0,0.0,14.087123765206696,13.453828520061009
6944,9.526881720430108,-0.6488390756613447,-0.007231669910489125,13.853914798650676,13.853914798650676
6945,9.528225806451612,-9.901995815249503,-0.1103632131248275,13.95110568939627,14.047638461362531
6946,9.529569892473118,-15.456092184846677,-0.17226668519150787,13.574366935618718,15.047562894216112
6947,9.530913978494624,-17.952343824499398,-0.2000887886199824,13.696530660898679,15.996052188403098
6948,9.532258064516128,-33.761655192832734,-0.37629229672620823,14.019599863108624,16.690507916702565
6949,9.533602150537634,-41.24109257937278,-0.45965475796591976,13.607640582426178,18.630621293955258
6950,9.53494623655914,-44.43954734399058,-0.4953033031121428,14.098009275925333,20.233763324872292
6951,9.536290322580646,-44.55474592661452,-0.4965872549500364,14.776244335691388,21.38785706211172
6952,9.53763440860215,-18.71045214397316,-0.20853832461200295,15.462961353826108,22.091713058036795
6953,9.538978494623656,-4.4630980282762724,-0.04974369289604072,17.26600361814017,20.04970126822211
6954,9.540322580645162,-1.8643535320243074,-0.020779249964734414,17.394154782371146,18.05816414985187
6955,9.541666666666666,-0.5802281551279649,-0.006466963301155418,16.74007107323202,17.01744526526563
6956,9.543010752688172,-0.010164580819759968,-0.00011328986804943797,16.287354334134253,16.37367933256361
6957,9.544354838709678,0.0,0.0,15.955784295350568,15.957296558096775
6958,9.545698924731182,0.0,0.0,15.693802823750966,15.693802823750966
6959,9.547043010752688,0.0,0.0,15.502012870899543,15.502012870899543
6960,9.548387096774194,0.0,0.0,15.350798142792126,15.350798142792126
6961,9.549731182795698,0.0,0.0,15.227161971967048,15.227161971967048
6962,9.551075268817204,0.0,0.0,15.120592010634699,15.120592010634699
6963,9.55241935483871,0.0,0.0,15.024018012820903,15.024018012820903
6964,9.553763440860216,0.0,0.0,14.937487952061886,14.937487952061886
6965,9.55510752688172,0.0,0.0,14.860427471167744,14.860427471167744
6966,9.556451612903226,0.0,0.0,14.797472301537965,14.797472301537965
6967,9.557795698924732,0.0,0.0,14.751644655596383,14.751644655596383
6968,9.559139784946236,0.0,0.0,14.715287868142928,14.715287868142928
6969,9.560483870967742,-0.21006800360837266,-0.0023413239396883846,14.683698097885182,14.683698097885182
6970,9.561827956989248,-1.4738642188651954,-0.016427030867168506,14.645163738501628,14.676417168589921
6971,9.563172043010752,-0.021176210041166602,-0.00023602055843632914,14.55977080697259,14.779048905172715
6972,9.564516129032258,-9.70717468287077,-0.10819182398721328,14.65386984930323,14.657020396691163
6973,9.565860215053764,-15.958391887023152,-0.17786509283761764,14.119618495481513,15.563829418109925
6974,9.567204301075268,-17.380586153387902,-0.19371623354220152,14.146518997448396,16.52077150899458
6975,9.568548387096774,-18.325892169625575,-0.20425219127079922,14.507673955784442,17.093517229904197
6976,9.56989247311828,-2.337006540143146,-0.026047228829033278,14.782914121141356,17.509397830658433
6977,9.571236559139784,0.0,0.0,15.852024036996143,16.19971844672841
6978,9.57258064516129,0.0,0.0,15.556826441775105,15.556826441775105
6979,9.573924731182796,0.0,0.0,15.264836780751645,15.264836780751645
6980,9.575268817204302,0.0,0.0,15.09725382365725,15.09725382365725
6981,9.576612903225806,0.0,0.0,14.990740849999735,14.990740849999735
6982,9.577956989247312,0.0,0.0,14.911900034225411,14.911900034225411
6983,9.579301075268818,0.0,0.0,14.846908693493253,14.846908693493253
6984,9.580645161290322,0.0,0.0,14.791675996332895,14.791675996332895
6985,9.581989247311828,0.0,0.0,14.744845485689638,14.744845485689638
6986,9.583333333333334,0.0,0.0,14.702920222658522,14.702920222658522
6987,9.584677419354838,0.0,0.0,14.661583865506175,14.661583865506175
6988,9.586021505376344,0.0,0.0,14.62484556867802,14.62484556867802
6989,9.58736559139785,8.10405327607038,0.0903241503601237,14.592284528052083,14.592284528052083
6990,9.588709677419354,4.491687937135959,0.05006234322306285,14.972483705522395,13.766781465557953
6991,9.59005376344086,0.0,0.0,14.462448949910504,13.794186042136024
6992,9.591397849462366,0.0,0.0,14.1774591435791,14.1774591435791
6993,9.592741935483872,0.0,0.0,14.291375333412597,14.291375333412597
6994,9.594086021505376,-0.8750009989010038,-0.009752369474589118,14.340681685815621,14.340681685815621
6995,9.595430107526882,-9.385296290245037,-0.10460431149898106,14.316760822413094,14.44694144048248
6996,9.596774193548388,-16.33194023214933,-0.18202849548843447,13.930164533104284,15.326487135436118
6997,9.598118279569892,-22.25026741445457,-0.24799152116021972,13.92977749815643,16.35960566562575
6998,9.599462365591398,-21.085575862190407,-0.23501039044622163,14.10305348981434,17.41339664126313
6999,9.600806451612904,-16.433586040346928,-0.18316139416892885,14.68286877492503,17.819931820037514
7000,9.602150537634408,-0.6386744948415847,-0.007118380042439686,15.21563095981218,17.66058175474358
7001,9.603494623655914,0.0,0.0,16.062374096829956,16.15739460605001
7002,9.60483870967742,0.0,0.0,15.577635423120794,15.577635423120794
7003,9.606182795698924,0.0,0.0,15.296281359388464,15.296281359388464
7004,9.60752688172043,0.0,0.0,15.13723851020313,15.13723851020313
7005,9.608870967741936,0.0,0.0,15.033214859567373,15.033214859567373
7006,9.61021505376344,0.0,0.0,14.9517206553495,14.9517206553495
7007,9.611559139784946,0.0,0.0,14.881890857091609,14.881890857091609
7008,9.612903225806452,0.0,0.0,14.817938228696633,14.817938228696633
7009,9.614247311827956,0.0,0.0,14.757564320049292,14.757564320049292
7010,9.615591397849462,0.0,0.0,14.698804640578095,14.698804640578095
7011,9.616935483870968,0.0,0.0,14.642292765587143,14.642292765587143
7012,9.618279569892474,0.0,0.0,14.595802876150428,14.595802876150428
7013,9.619623655913978,5.820806727172752,0.06487610633000548,14.560293230919696,14.560293230919696
7014,9.620967741935484,2.1481146457711566,0.023941924324256233,14.826401647744664,13.960395530771633
7015,9.62231182795699,0.0,0.0,14.40121838932476,14.081626877290354
7016,9.623655913978494,0.0,0.0,14.287470776418909,14.287470776418909
7017,9.625,-3.0188805034687105,-0.03364709081068308,14.348297518996247,14.348297518996247
7018,9.626344086021506,-6.39098019042408,-0.07123100453608412,14.221096536057313,14.670238571681018
7019,9.62768817204301,-4.787517566106945,-0.05335952785128528,14.17523623296539,15.126071434643519
7020,9.629032258064516,-9.99601818783228,-0.11141114440428478,14.453264787050031,15.165540540513886
7021,9.630376344086022,-7.860609167281042,-0.08761083129156537,14.25038523589709,15.737569624896906
7022,9.631720430107526,-6.361333496366447,-0.07090057575427326,14.603175406380137,15.772658596780806
7023,9.633064516129032,-6.660341582147719,-0.07423318603939423,14.75092438766323,15.697348822998254
7024,9.634408602150538,0.0,0.0,14.742375090807247,15.733285255259883
7025,9.635752688172044,0.0,0.0,15.108234009421855,15.108234009421855
7026,9.637096774193548,0.0,0.0,14.885819991937279,14.885819991937279
7027,9.638440860215054,0.0,0.0,14.770355203574248,14.770355203574248
7028,9.63978494623656,0.011582734553697542,0.0001290959747881711,14.701511140901586,14.701511140901586
7029,9.641129032258064,0.0,0.0,14.655236559655181,14.653513307287438
7030,9.64247311827957,0.0,0.0,14.616312159530402,14.616312159530402
7031,9.643817204301076,0.0,0.0,14.583166300564338,14.583166300564338
7032,9.64516129032258,0.0,0.0,14.551148342605998,14.551148342605998
7033,9.646505376344086,0.0,0.0,14.520365728661428,14.520365728661428
7034,9.647849462365592,0.0,0.0,14.491350620609591,14.491350620609591
7035,9.649193548387096,0.0,0.0,14.463631142356377,14.463631142356377
7036,9.650537634408602,0.0,0.0,14.44305854863449,14.44305854863449
7037,9.651881720430108,14.638163406175005,0.16315041713750073,14.426409339015137,14.426409339015137
7038,9.653225806451612,8.815426223243305,0.09825279481169723,15.146823279204433,12.968991297286765
7039,9.654569892473118,4.012934908916461,0.04472637626515178,14.284103046660888,12.972564390444207
7040,9.655913978494624,2.3894216156398556,0.026631423799009797,13.92850079314691,13.331465649905823
7041,9.657258064516128,1.5023771944025188,0.016744823729815696,13.928809237135546,13.573316634106487
7042,9.658602150537634,2.120605651206125,0.023635321384134326,13.967586628129201,13.744066435596489
7043,9.65994623655914,5.096885817566656,0.05680760790574479,14.063157123628615,13.7476583359676
7044,9.661290322580646,3.9699822682798325,0.04424764535864564,14.217608978134988,13.459306134145917
7045,9.66263440860215,3.0467418015621908,0.0339576203682385,14.048220530203466,13.457575781159427
7046,9.663978494623656,1.9550690698761977,0.02179032474445338,13.976842488656732,13.523555313758237
7047,9.665322580645162,1.9487950886596115,0.02172039775810979,13.933797203155025,13.642926563916342
7048,9.666666666666666,6.842500437596823,0.07626344710611208,13.974432386150637,13.684495175277815
7049,9.668010752688172,0.0,0.0,14.241268598463266,13.223257262218873
7050,9.669354838709678,0.0,0.0,13.724062309093428,13.724062309093428
7051,9.670698924731182,0.0,0.0,13.887961304951645,13.887961304951645
7052,9.672043010752688,0.0,0.0,13.978612091151419,13.978612091151419
7053,9.673387096774194,0.0,0.0,14.033731653468395,14.033731653468395
7054,9.674731182795698,0.0,0.0,14.066583774201437,14.066583774201437
7055,9.676075268817204,0.0,0.0,14.085970113024242,14.085970113024242
7056,9.67741935483871,0.0,0.0,14.097595251822549,14.097595251822549
7057,9.678763440860216,0.0,0.0,14.104499297635398,14.104499297635398
7058,9.68010752688172,0.0,0.0,14.109279970812223,14.109279970812223
7059,9.681451612903226,0.0,0.0,14.112846370455825,14.112846370455825
7060,9.682795698924732,0.0,0.0,14.118772495580721,14.118772495580721
7061,9.684139784946236,0.0,0.0,14.124557790305591,14.124557790305591
7062,9.685483870967742,0.0,0.0,14.13047813988906,14.13047813988906
7063,9.686827956989248,0.0,0.0,14.13543279197415,14.13543279197415
7064,9.688172043010752,0.0,0.0,14.137710406695339,14.137710406695339
7065,9.689516129032258,0.0,0.0,14.139507319623416,14.139507319623416
7066,9.690860215053764,0.0,0.0,14.140903514922869,14.140903514922869
7067,9.692204301075268,0.0,0.0,14.141250117136561,14.141250117136561
7068,9.693548387096774,0.0,0.0,14.140848982346542,14.140848982346542
7069,9.69489247311828,0.0,0.0,14.141064889638622,14.141064889638622
7070,9.696236559139784,0.0,0.0,14.141410858564255,14.141410858564255
7071,9.69758064516129,0.0,0.0,14.141944663433424,14.141944663433424
7072,9.698924731182796,0.0,0.0,14.143203664822734,14.143203664822734
7073,9.700268817204302,0.0,0.0,14.14610935160816,14.14610935160816
7074,9.701612903225806,0.0,0.0,14.148746488903356,14.148746488903356
7075,9.702956989247312,0.0,0.0,14.150959910371443,14.150959910371443
7076,9.704301075268818,0.0,0.0,14.15235026892335,14.15235026892335
7077,9.705645161290322,0.0,0.0,14.152658485805608,14.152658485805608
7078,9.706989247311828,0.0,0.0,14.151023133954961,14.151023133954961
7079,9.708333333333334,0.0,0.0,14.148433685654528,14.148433685654528
7080,9.709677419354838,0.0,0.0,14.144625979123324,14.144625979123324
7081,9.711021505376344,0.0,0.0,14.140955384311622,14.140955384311622
7082,9.71236559139785,0.0,0.0,14.137829680911782,14.137829680911782
7083,9.713709677419354,0.0,0.0,14.134740005962566,14.134740005962566
7084,9.71505376344086,0.0,0.0,14.133312209783455,14.133312209783455
7085,9.716397849462366,37.70421404198419,0.4202342929302445,14.132373746172064,14.132373746172064
7086,9.717741935483872,22.238850343099283,0.24786427159328855,16.022319991443005,10.4127745235284
7087,9.719086021505376,2.0028478499102,0.022322845640454586,13.803354279803266,10.494709733736
7088,9.720430107526882,0.0,0.0,12.53536427058667,12.237385215331047
7089,9.721774193548388,0.0,0.0,12.979576126778923,12.979576126778923
7090,9.723118279569892,0.0,0.0,13.3150345279166,13.3150345279166
7091,9.724462365591398,0.0,0.0,13.49092305515683,13.49092305515683
7092,9.725806451612904,0.0,0.0,13.594539326793612,13.594539326793612
7093,9.727150537634408,0.0,0.0,13.667289634990489,13.667289634990489
7094,9.728494623655914,0.0,0.0,13.72181916323644,13.72181916323644
7095,9.72983870967742,0.0,0.0,13.764047580387782,13.764047580387782
7096,9.731182795698924,0.0,0.0,13.797518347862596,13.797518347862596
7097,9.73252688172043,3.384088945438632,0.037717540633943995,13.827834683616175,13.827834683616175
7098,9.733870967741936,4.807317453724217,0.05358020853604051,14.02235617796663,13.518879277857609
7099,9.73521505376344,5.716562116189475,0.06371424255691195,13.992217091086887,13.276995556291402
7100,9.736559139784946,6.469439862179814,0.07210548091814306,13.939052174442065,13.088555328778723
7101,9.737903225806452,0.0,0.0,13.877727004814334,12.915218755247674
7102,9.739247311827956,0.0,0.0,13.454216589998586,13.454216589998586
7103,9.740591397849462,0.0,0.0,13.632574602139048,13.632574602139048
7104,9.741935483870968,0.0,0.0,13.724850858991113,13.724850858991113
7105,9.743279569892474,0.0,0.0,13.7800561623025,13.7800561623025
7106,9.744623655913978,0.0,0.0,13.81614532145706,13.81614532145706
7107,9.745967741935484,0.0,0.0,13.843324601736846,13.843324601736846
7108,9.74731182795699,0.0,0.0,13.866015282626327,13.866015282626327
7109,9.748655913978494,30.542705790220943,0.34041532751850817,13.883358411711093,13.883358411711093
7110,9.75,16.036295989594247,0.1787333770942229,15.42902327662422,10.88495038724894
7111,9.751344086021506,0.7041337380768631,0.007847959467330901,13.545566362724413,11.159723459583722
7112,9.75268817204301,0.0,0.0,12.660086657830005,12.555327274307606
7113,9.754032258064516,0.0,0.0,13.081645125102416,13.081645125102416
7114,9.755376344086022,0.0,0.0,13.335813596587773,13.335813596587773
7115,9.756720430107526,0.0,0.0,13.47440512668309,13.47440512668309
7116,9.758064516129032,0.0,0.0,13.559604464811471,13.559604464811471
7117,9.759408602150538,-0.0914812273778397,-0.0010196088124449416,13.620868062130869,13.620868062130869
7118,9.760752688172044,-1.965999340221907,-0.021912148645228793,13.662834555763101,13.676444920478971
7119,9.762096774193548,-0.7911432071379843,-0.008817728063181256,13.60902129380294,13.901518113298625
7120,9.763440860215054,0.0,0.0,13.771431183105806,13.889135633518977
7121,9.76478494623656,0.0,0.0,13.834120546019848,13.834120546019848
7122,9.766129032258064,0.0,0.0,13.827894709141445,13.827894709141445
7123,9.76747311827957,1.1428298092981575,0.012737469512432882,13.838807144918631,13.838807144918631
7124,9.768817204301076,1.8498592310134447,0.020617702973460824,13.915931020705171,13.745903453754492
7125,9.77016129032258,0.0,0.0,13.920000603460625,13.644782839895612
7126,9.771505376344086,0.0,0.0,13.781921467249344,13.781921467249344
7127,9.772849462365592,0.0,0.0,13.826196933633515,13.826196933633515
7128,9.774193548387096,0.0,0.0,13.850131976216105,13.850131976216105
7129,9.775537634408602,0.0,0.0,13.865503869022263,13.865503869022263
7130,9.776881720430108,0.0,0.0,13.8763736146862,13.8763736146862
7131,9.778225806451612,0.0,0.0,13.885166475025855,13.885166475025855
7132,9.779569892473118,0.0,0.0,13.892137063309576,13.892137063309576
7133,9.780913978494624,19.972977896032198,0.22260987152535253,13.897845491286187,13.897845491286187
7134,9.782258064516128,10.46693112502468,0.11665972921691062,14.904997181971176,11.933463880343709
7135,9.783602150537634,0.0,0.0,13.66929570727382,12.112049984289731
7136,9.78494623655914,0.0,0.0,13.065639066816802,13.065639066816802
7137,9.786290322580646,-0.011011629221406633,-0.00012273069038689114,13.378808772592244,13.378808772592244
7138,9.78763440860215,-3.560144432120929,-0.039679776284315654,13.534743021576157,13.536381306217882
7139,9.788978494623656,-3.126455650477837,-0.03484607524753963,13.438459719311352,13.96812974617062
7140,9.790322580645162,-5.554096369597176,-0.061903472066680405,13.641043987765444,14.106190804119848
7141,9.791666666666666,-5.479556110252269,-0.06107267970098452,13.617516918970127,14.443842487877152
7142,9.793010752688172,-4.024326956223301,-0.044853346925239984,13.78815459593296,14.60339023803446
7143,9.794354838709678,-1.0715162280830302,-0.011942640256878256,13.970110374410487,14.568840400013244
7144,9.795698924731182,0.0,0.0,14.145256621698378,14.304674319527779
7145,9.797043010752688,0.0,0.0,14.129445343426367,14.129445343426367
7146,9.798387096774194,0.04295264063662838,0.00047873090650613445,14.064703736026043,14.064703736026043
7147,9.799731182795698,0.9724670885708561,0.010838682883256864,14.036118018783009,14.029727624585961
7148,9.801075268817204,1.8952249413487603,0.021123328874714496,14.067841835724758,13.923160439016305
7149,9.80241935483871,0.0,0.0,14.066428957484142,13.784461788812134
7150,9.803763440860216,0.0,0.0,13.904586871137916,13.904586871137916
7151,9.80510752688172,0.0,0.0,13.934128513800921,13.934128513800921
7152,9.806451612903226,0.0,0.0,13.944257405129651,13.944257405129651
7153,9.807795698924732,0.0,0.0,13.946543504444463,13.946543504444463
7154,9.809139784946236,0.0,0.0,13.94522116697218,13.94522116697218
7155,9.810483870967742,0.0,0.0,13.943126129106371,13.943126129106371
7156,9.811827956989248,0.0,0.0,13.94209989009965,13.94209989009965
7157,9.813172043010752,21.84358952645435,0.24345887145364214,13.942847568241781,13.942847568241781
7158,9.814516129032258,11.686013936801343,0.1302470805633656,15.040647791508425,11.790809232490403
7159,9.815860215053764,0.010617506674222748,0.00011833797688915685,13.69841806491273,11.95980003022365
7160,9.817204301075268,0.0,0.0,13.015576588967015,13.013996940963251
7161,9.818548387096774,0.0,0.0,13.357594427876183,13.357594427876183
7162,9.81989247311828,0.0,0.0,13.527057840932422,13.527057840932422
7163,9.821236559139784,0.0,0.0,13.615093780353767,13.615093780353767
7164,9.82258064516129,0.0,0.0,13.664459439868557,13.664459439868557
7165,9.823924731182796,0.0,0.0,13.702133246325197,13.702133246325197
7166,9.825268817204302,0.0,0.0,13.73240444714984,13.73240444714984
7167,9.826612903225806,0.0,0.0,13.756138491377534,13.756138491377534
7168,9.827956989247312,0.0,0.0,13.775208902955939,13.775208902955939
7169,9.829301075268818,2.203615248840957,0.024560509203449547,13.798600711009485,13.798600711009485
7170,9.830645161290322,3.7928629523962076,0.04227355274417653,13.92851917812133,13.600670415158156
7171,9.831989247311828,6.061148469161975,0.06755484780686002,13.941036296032628,13.376742947778665
7172,9.833333333333334,7.9554081826312615,0.08866741868367552,13.962825228808718,13.061061625205012
7173,9.834677419354838,0.0,0.0,13.912901677491776,12.72931450958004
7174,9.836021505376344,0.0,0.0,13.347660740497577,13.347660740497577
7175,9.83736559139785,0.0,0.0,13.541870583219541,13.541870583219541
7176,9.838709677419354,0.0,0.0,13.637933607321079,13.637933607321079
7177,9.84005376344086,0.0,0.0,13.693151005245713,13.693151005245713
7178,9.841397849462366,0.0,0.0,13.727019399697843,13.727019399697843
7179,9.842741935483872,0.0,0.0,13.752015294235063,13.752015294235063
7180,9.844086021505376,0.0,0.0,13.77179968727015,13.77179968727015
7181,9.845430107526882,34.795499827186894,0.38781506626156503,13.787698194346868,13.787698194346868
7182,9.846774193548388,19.95994731965929,0.22246463855371584,15.54581099634995,10.369017279284897
7183,9.848118279569892,1.8083544321960285,0.02015510906380321,13.482433669662102,10.512839026948345
7184,9.849462365591398,0.0,0.0,12.372320377515562,12.10327760160163
7185,9.850806451612904,0.0,0.0,12.788304872311214,12.788304872311214
7186,9.852150537634408,0.0,0.0,13.104446113585777,13.104446113585777
7187,9.853494623655914,0.0,0.0,13.272518396385493,13.272518396385493
7188,9.85483870967742,0.0,0.0,13.371480115961312,13.371480115961312
7189,9.856182795698924,0.0,0.0,13.443305800527884,13.443305800527884
7190,9.85752688172043,0.0,0.0,13.498894491528748,13.498894491528748
7191,9.858870967741936,0.0,0.0,13.542558198903869,13.542558198903869
7192,9.86021505376344,0.0,0.0,13.578289797401904,13.578289797401904
7193,9.861559139784946,1.1669605062850275,0.01300641945990824,13.613456242108688,13.613456242108688
7194,9.862903225806452,2.4492657441672927,0.02729841966874868,13.701802059095913,13.528184383045769
7195,9.864247311827956,4.052991865914665,0.04517283317796087,13.752216516302319,13.387820442706586
7196,9.865591397849462,4.948723338067275,0.055156255228246104,13.790571906532376,13.187577182186176
7197,9.866935483870968,0.0,0.0,13.74877329693015,13.012513722811796
7198,9.868279569892474,0.0,0.0,13.409536277409906,13.409536277409906
7199,9.869623655913978,0.0,0.0,13.538624330002339,13.538624330002339
7200,9.870967741935484,0.0,0.0,13.60437785513259,13.60437785513259
7201,9.87231182795699,0.0,0.0,13.643429752330142,13.643429752330142
7202,9.873655913978494,0.0,0.0,13.669087446488598,13.669087446488598
7203,9.875,0.0,0.0,13.68944442055616,13.68944442055616
7204,9.876344086021506,0.0,0.0,13.706521012842998,13.706521012842998
7205,9.87768817204301,38.4218609703737,0.4282328643681616,13.720816772907627,13.720816772907627
7206,9.879032258064516,24.626341502980186,0.27447417939650026,15.659915311867147,9.943599999334442
7207,9.880376344086022,13.76945831464769,0.1534682190283879,13.509295462612554,9.845445522244189
7208,9.881720430107526,5.836250373244349,0.06504823429638971,12.643431043835763,10.594842989498847
7209,9.883064516129032,3.884559600946313,0.04329556254458288,12.39405011862505,11.52574633182836
7210,9.884408602150538,2.877826922654102,0.032074970735911014,12.625502775980964,12.047567013149033
7211,9.885752688172044,4.837239517987936,0.05391370647090996,12.797684226730858,12.36952781552862
7212,9.887096774193548,4.8550962337582195,0.05411272943204172,13.049670736031645,12.329997465952822
7213,9.888440860215054,3.565551786779893,0.03974004423895867,13.069318440975513,12.346988490163085
7214,9.88978494623656,3.4410373903276446,0.03835226250998583,13.024789733974323,12.494315213437323
7215,9.891129032258064,3.981082388893792,0.0443713623344843,13.084427150731091,12.572477593147333
7216,9.89247311827957,6.816439284851004,0.0759729811628387,13.158065835431735,12.565769636201942
7217,9.893817204301076,0.0,0.0,13.316794241739904,12.302660223322933
7218,9.89516129032258,0.0,0.0,12.881922101162901,12.881922101162901
7219,9.896505376344086,0.0,0.0,13.097815362628646,13.097815362628646
7220,9.897849462365592,0.0,0.0,13.230582534982887,13.230582534982887
7221,9.899193548387096,0.0,0.0,13.316649009214903,13.316649009214903
7222,9.900537634408602,0.0,0.0,13.375548352660882,13.375548352660882
7223,9.901881720430108,0.0,0.0,13.4201574038908,13.4201574038908
7224,9.903225806451612,0.0,0.0,13.45580592465815,13.45580592465815
7225,9.904569892473118,0.0,0.0,13.485548971941643,13.485548971941643
7226,9.905913978494624,0.0,0.0,13.511069001961939,13.511069001961939
7227,9.907258064516128,0.0,0.0,13.533665229121013,13.533665229121013
7228,9.908602150537634,0.0,0.0,13.554459150858143,13.554459150858143
7229,9.90994623655914,0.0,0.0,13.573705495552543,13.573705495552543
7230,9.911290322580646,0.0,0.0,13.592445903460208,13.592445903460208
7231,9.91263440860215,0.0,0.0,13.60957592751611,13.60957592751611
7232,9.913978494623656,0.0,0.0,13.62404536701614,13.62404536701614
7233,9.915322580645162,0.0,0.0,13.635581695256201,13.635581695256201
7234,9.916666666666666,0.0,0.0,13.645600885464043,13.645600885464043
7235,9.918010752688172,0.0,0.0,13.65057768817756,13.65057768817756
7236,9.919354838709678,0.0,0.0,13.651236335679629,13.651236335679629
7237,9.920698924731182,0.0,0.0,13.655991638269068,13.655991638269068
7238,9.922043010752688,0.0,0.0,13.663346692858697,13.663346692858697
7239,9.923387096774194,0.0,0.0,13.670497382425317,13.670497382425317
7240,9.924731182795698,0.0,0.0,13.677196875542208,13.677196875542208
7241,9.926075268817204,0.0,0.0,13.692282520428886,13.692282520428886
7242,9.92741935483871,0.0,0.0,13.705785934952633,13.705785934952633
7243,9.928763440860216,0.0,0.0,13.71309469197429,13.71309469197429
7244,9.93010752688172,0.0,0.0,13.718202232378141,13.718202232378141
7245,9.931451612903226,0.0,0.0,13.722879499852265,13.722879499852265
7246,9.932795698924732,0.0,0.0,13.727295829891057,13.727295829891057
7247,9.934139784946236,0.0,0.0,13.731331530914145,13.731331530914145
7248,9.935483870967742,0.0,0.0,13.73480533110131,13.73480533110131
7249,9.936827956989248,0.0,0.0,13.737681556663132,13.737681556663132
7250,9.938172043010752,0.0,0.0,13.740017052304333,13.740017052304333
7251,9.939516129032258,0.0,0.0,13.742659285481448,13.742659285481448
7252,9.940860215053764,0.0,0.0,13.7459326228237,13.7459326228237
7253,9.942204301075268,66.24938073563203,0.7383859437967425,13.749345004177163,13.749345004177163
7254,9.943548387096774,38.80939996398282,0.43255220052461574,17.075509938416225,7.219080812380085
7255,9.94489247311828,12.524314350125206,0.13959040173865953,13.169039139203619,7.395066674533503
7256,9.946236559139784,6.050048348548016,0.06743113083102137,11.422237923357025,9.55889949855252
7257,9.94758064516129,2.380251950784845,0.02652922281896916,11.710573080341815,10.810460926923863
7258,9.948924731182796,0.38512592391044326,0.004292441161706689,12.029855734733374,11.675727373162113
7259,9.950268817204302,1.1978477984282208,0.013350675392676694,12.309761510704412,12.252463369476946
7260,9.951612903225806,0.0,0.0,12.634165245565878,12.455952229868418
7261,9.952956989247312,0.0,0.0,12.722837715588804,12.722837715588804
7262,9.954301075268818,0.0,0.0,12.877700728227014,12.877700728227014
7263,9.955645161290322,0.0,0.0,12.988468841288727,12.988468841288727
7264,9.956989247311828,3.284187859912991,0.03660408785139602,13.07344624874779,13.07344624874779
7265,9.958333333333334,8.779712791702737,0.0978547488894337,13.315159531300363,12.826545682863129
7266,9.959677419354838,9.786445469994948,0.10907534069810557,13.529080343629992,12.22285504888052
7267,9.961021505376344,11.0118022629882,0.12273261903090416,13.361469003432244,11.905464357053077
7268,9.96236559139785,11.603004339166512,0.1293218927440504,13.279396114410947,11.641085727960931
7269,9.963709677419354,0.0,0.0,13.164671927241113,11.438403867854195
7270,9.96505376344086,0.0,0.0,12.455784683299255,12.455784683299255
7271,9.966397849462366,0.0,0.0,12.805501377522674,12.805501377522674
7272,9.967741935483872,0.0,0.0,12.990394813261204,12.990394813261204
7273,9.969086021505376,0.0,0.0,13.1041691459065,13.1041691459065
7274,9.970430107526882,0.0,0.0,13.181541905945858,13.181541905945858
7275,9.971774193548388,0.0,0.0,13.241079860675317,13.241079860675317
7276,9.973118279569892,0.0,0.0,13.289812975360249,13.289812975360249
7277,9.974462365591398,40.80259553509828,0.4547674661860802,13.328917204334708,13.328917204334708
7278,9.975806451612904,23.512468530066272,0.2620594498210378,15.408551818230752,9.338036341944795
7279,9.977150537634408,3.4497244412429175,0.03844908449107696,13.011418630606086,9.51328812626904
7280,9.978494623655914,0.05646583094927551,0.000629342877092334,11.78252892635467,11.269286929495104
7281,9.97983870967742,0.0,0.0,12.17138454385846,12.162983688565712
7282,9.981182795698924,0.0,0.0,12.571160235441019,12.571160235441019
7283,9.98252688172043,-0.5573578482835049,-0.006212061098044182,12.792111661242345,12.792111661242345
7284,9.983870967741936,-8.977018960651344,-0.10005383513232863,12.89987323858837,12.982795645838761
7285,9.98521505376344,-10.544905552099321,-0.11752879727895445,12.596162694518238,13.931742743210727
7286,9.986559139784946,-9.555553018976017,-0.10650191678880916,12.926721563520545,14.49556814081558
7287,9.987903225806452,-7.077936444159525,-0.07888751145175865,13.292783137265282,14.714436140596096
7288,9.989247311827956,-0.021176210041166602,-0.00023602055843632914,13.597825661600536,14.650864620543208
7289,9.990591397849462,0.8744964588041644,0.009746746096506918,14.000677958720226,14.003828506108158
7290,9.991935483870968,2.1514929433493184,0.02397957731690278,13.840663229665328,13.710557675900704
7291,9.993279569892474,3.5761692934541167,0.03985838221584784,13.78739677169418,13.46730264438585
7292,9.994623655913978,4.359451717647913,0.0485884975108979,13.760987518710397,13.228933350169633
7293,9.995967741935484,0.0,0.0,13.686318932232506,13.037729822323097
7294,9.99731182795699,0.0,0.0,13.362105318063485,13.362105318063485
7295,9.998655913978494,0.0,0.0,13.457787750314939,13.457787750314939
7296,10.0,0.0,0.0,13.503174927850154,13.503174927850154
7297,10.001388888888888,0.0,0.0,13.528636261193254,13.528636261193254
7298,10.002777777777778,0.0,0.0,13.542692610544982,13.542692610544982
7299,10.004166666666666,0.0,0.0,13.550471119217837,13.550471119217837
7300,10.005555555555556,0.0,0.0,13.556122876845418,13.556122876845418
7301,10.006944444444445,25.55102981151704,0.28478034138375596,13.56144203827582,13.56144203827582
7302,10.008333333333333,14.891053110597403,0.16596901258704247,14.849610094886243,11.048187173826365
7303,10.009722222222223,0.27171164807215487,0.003028376408572514,13.345794680729535,11.130338355449469
7304,10.011111111111111,0.0,0.0,12.456703863390054,12.416279234930075
7305,10.0125,0.0,0.0,12.85967798750664,12.85967798750664
7306,10.01388888888889,0.0,0.0,13.07734316935226,13.07734316935226
7307,10.015277777777778,0.0,0.0,13.188811343024065,13.188811343024065
7308,10.016666666666667,0.0,0.0,13.247601417889117,13.247601417889117
7309,10.018055555555556,0.0,0.0,13.294040808502832,13.294040808502832
7310,10.019444444444444,0.0,0.0,13.333067942158928,13.333067942158928
7311,10.020833333333334,0.0,0.0,13.365239930415433,13.365239930415433
7312,10.022222222222222,0.0,0.0,13.392355132264662,13.392355132264662
7313,10.02361111111111,0.44738312213656756,0.004986332026193109,13.432105859049397,13.432105859049397
7314,10.025,1.7156925557664484,0.019122341265497843,13.48892567587199,13.422365053167901
7315,10.026388888888889,2.8083305153319165,0.03130039488718198,13.564007481851597,13.30875072487961
7316,10.027777777777779,3.5558995079851448,0.03963246425996852,13.587673368468302,13.169856471472524
7317,10.029166666666667,0.0,0.0,13.565560310397974,13.03652183350076
7318,10.030555555555555,0.0,0.0,13.320206383176808,13.320206383176808
7319,10.031944444444445,0.0,0.0,13.412520800533805,13.412520800533805
7320,10.033333333333333,0.0,0.0,13.459178941010794,13.459178941010794
7321,10.034722222222221,0.0,0.0,13.48682684829878,13.48682684829878
7322,10.036111111111111,0.0,0.0,13.504685139131576,13.504685139131576
7323,10.0375,0.0,0.0,13.519505509240236,13.519505509240236
7324,10.03888888888889,0.0,0.0,13.534138585658384,13.534138585658384
7325,10.040277777777778,25.621008832778962,0.2855602962314345,13.548369375624004,13.548369375624004
7326,10.041666666666666,14.910357668186897,0.16618417254502274,14.84666051956199,11.034826282113663
7327,10.043055555555556,0.30356416809482306,0.003383390339239984,13.34202789442063,11.123699481860992
7328,10.044444444444444,0.0,0.0,12.458176314074557,12.413012741603282
7329,10.045833333333333,0.0,0.0,12.860186250881556,12.860186250881556
7330,10.047222222222222,0.0,0.0,13.078667140117384,13.078667140117384
7331,10.04861111111111,0.0,0.0,13.19366962651347,13.19366962651347
7332,10.05,0.0,0.0,13.258689407415513,13.258689407415513
7333,10.051388888888889,0.0,0.0,13.308704369116764,13.308704369116764
7334,10.052777777777777,0.0,0.0,13.349774196675515,13.349774196675515
7335,10.054166666666667,0.0,0.0,13.382943696322485,13.382943696322485
7336,10.055555555555555,0.0,0.0,13.410156635290466,13.410156635290466
7337,10.056944444444444,1.0612680534825374,0.011828418689966178,13.443373982711911,13.443373982711911
7338,10.058333333333334,3.5134294812882545,0.0391591123524119,13.526222774838626,13.36832977664414
7339,10.059722222222222,5.704979381635776,0.06358514658212376,13.636192858800761,13.113472973918608
7340,10.061111111111112,5.147560281239083,0.05737240279544305,13.656329403260258,12.807555809964661
7341,10.0625,0.0,0.0,13.491917798126703,12.726075725028755
7342,10.063888888888888,0.0,0.0,13.167971650652781,13.167971650652781
7343,10.065277777777778,0.0,0.0,13.31512216758899,13.31512216758899
7344,10.066666666666666,0.0,0.0,13.388364110258907,13.388364110258907
7345,10.068055555555556,0.0,0.0,13.42978423175219,13.42978423175219
7346,10.069444444444445,0.0,0.0,13.45594687471728,13.45594687471728
7347,10.070833333333333,0.0,0.0,13.476185673080039,13.476185673080039
7348,10.072222222222223,0.0,0.0,13.494546644041368,13.494546644041368
7349,10.073611111111111,22.903892352057415,0.25527653214570933,13.51049944086622,13.51049944086622
7350,10.075,13.328349173727707,0.14855181398853837,14.67317483202011,11.26558687917158
7351,10.07638888888889,0.052122305491638946,0.00058093188654677,13.329701014694677,11.346740154695988
7352,10.077777777777778,0.0,0.0,12.530319578731147,12.522564943076302
7353,10.079166666666667,0.0,0.0,12.91247401712087,12.91247401712087
7354,10.080555555555556,0.0,0.0,13.10783280959144,13.10783280959144
7355,10.081944444444444,0.0,0.0,13.212808303100054,13.212808303100054
7356,10.083333333333334,0.0,0.0,13.274138778086368,13.274138778086368
7357,10.084722222222222,0.0,0.0,13.321057838030622,13.321057838030622
7358,10.08611111111111,-1.908400048909934,-0.02127017272628198,13.359087132845584,13.359087132845584
7359,10.0875,-3.6965192247860417,-0.04119974868064561,13.293867439718369,13.577794770318876
7360,10.088888888888889,0.0,0.0,13.30231075570981,13.852270307747366
7361,10.090277777777779,0.0,0.0,13.626417287262983,13.626417287262983
7362,10.091666666666667,0.0,0.0,13.57786625610977,13.57786625610977
7363,10.093055555555555,0.0,0.0,13.565883961747291,13.565883961747291
7364,10.094444444444445,0.0,0.0,13.570440352707475,13.570440352707475
7365,10.095833333333333,0.0,0.0,13.575076839918669,13.575076839918669
7366,10.097222222222221,0.0,0.0,13.57762049449276,13.57762049449276
7367,10.098611111111111,0.0,0.0,13.581059459610257,13.581059459610257
7368,10.1,0.0,0.0,13.584722212758944,13.584722212758944
7369,10.10138888888889,0.0,0.0,13.588233285008563,13.588233285008563
7370,10.102777777777778,0.0,0.0,13.591519332765031,13.591519332765031
7371,10.104166666666666,0.0,0.0,13.595080325517102,13.595080325517102
7372,10.105555555555556,0.0,0.0,13.59869409188265,13.59869409188265
7373,10.106944444444444,11.541229754880124,0.12863338087851348,13.601389090693761,13.601389090693761
7374,10.108333333333333,7.623369792091932,0.0849666674064146,14.183484223563106,12.46640684347082
7375,10.109722222222222,1.6346134138905657,0.018218669441980646,13.550108268094831,12.41592100139174
7376,10.11111111111111,0.16650180920940216,0.0018557546375799596,13.146079000902656,12.902885010504873
7377,10.1125,0.0,0.0,13.217048371031199,13.192276618244888
7378,10.113888888888889,-2.9799162769929644,-0.033212812983160235,13.330635749992734,13.330635749992734
7379,10.115277777777777,-5.742988163164382,-0.06400877544793246,13.24897934998508,13.692324378414988
7380,10.116666666666667,-6.33761614112034,-0.07063623272882458,13.26147439758314,14.115902849190524
7381,10.118055555555555,-6.545142999523772,-0.0729492342015006,13.431746501342557,14.374642323603096
7382,10.119444444444444,-6.582413129196226,-0.07336463038434854,13.574153842029256,14.547925028691537
7383,10.120833333333334,-3.690589885974515,-0.041133662924283436,13.687685216320958,14.667001366386
7384,10.122222222222222,-0.08809303377125306,-0.0009818455230951291,13.921838550459531,14.470915949228466
7385,10.123611111111112,0.0,0.0,14.070712064188907,14.083818341322708
7386,10.125,0.0,0.0,13.939407074350582,13.939407074350582
7387,10.126388888888888,0.0,0.0,13.867951509563992,13.867951509563992
7388,10.127777777777778,0.0,0.0,13.829668113751046,13.829668113751046
7389,10.129166666666666,0.0,0.0,13.80430330525503,13.80430330525503
7390,10.130555555555556,0.0,0.0,13.784803586832693,13.784803586832693
7391,10.131944444444445,0.0,0.0,13.769861545351269,13.769861545351269
7392,10.133333333333333,0.0,0.0,13.757275736805706,13.757275736805706
7393,10.134722222222223,0.0,0.0,13.745130084432919,13.745130084432919
7394,10.136111111111111,0.0,0.0,13.733773394411553,13.733773394411553
7395,10.1375,0.0,0.0,13.724503594154438,13.724503594154438
7396,10.13888888888889,0.0,0.0,13.717224958038821,13.717224958038821
7397,10.140277777777778,0.0,0.0,13.71181990180757,13.71181990180757
7398,10.141666666666667,0.0,0.0,13.70947631476662,13.70947631476662
7399,10.143055555555556,0.0,0.0,13.709423377295126,13.709423377295126
7400,10.144444444444444,0.0,0.0,13.709741248799125,13.709741248799125
7401,10.145833333333334,0.0,0.0,13.708959229644881,13.708959229644881
7402,10.147222222222222,0.0,0.0,13.708004079662318,13.708004079662318
7403,10.14861111111111,0.0,0.0,13.704438330825282,13.704438330825282
7404,10.15,0.0,0.0,13.698624698377003,13.698624698377003
7405,10.151388888888889,0.0,0.0,13.6961837496426,13.6961837496426
7406,10.152777777777779,0.0,0.0,13.695996934271685,13.695996934271685
7407,10.154166666666667,0.0,0.0,13.695911037235003,13.695911037235003
7408,10.155555555555555,0.0,0.0,13.695901378888559,13.695901378888559
7409,10.156944444444445,0.0,0.0,13.701746915340854,13.701746915340854
7410,10.158333333333333,0.0,0.0,13.70689804711838,13.70689804711838
7411,10.159722222222221,0.0,0.0,13.70792307113773,13.70792307113773
7412,10.161111111111111,0.0,0.0,13.708162011694975,13.708162011694975
7413,10.1625,0.0,0.0,13.708943682792647,13.708943682792647
7414,10.16388888888889,0.0,0.0,13.70957842375169,13.70957842375169
7415,10.165277777777778,0.0,0.0,13.709654885142553,13.709654885142553
7416,10.166666666666666,0.0,0.0,13.709758969080855,13.709758969080855
7417,10.168055555555556,0.0,0.0,13.70988472941123,13.70988472941123
7418,10.169444444444444,0.0,0.0,13.70954466151845,13.70954466151845
7419,10.170833333333333,0.0,0.0,13.708626883703253,13.708626883703253
7420,10.172222222222222,0.0,0.0,13.708535294284454,13.708535294284454
7421,10.17361111111111,0.0,0.0,13.708745309318914,13.708745309318914
7422,10.175,46.521570720986446,0.5185086037377398,13.708960331675673,13.708960331675673
7423,10.176388888888889,28.127705635775005,0.3134988167751745,16.042307912615634,9.120936579756389
7424,10.177777777777777,5.603630454290923,0.062455556802727276,13.340400774437047,9.15562600373626
7425,10.179166666666667,1.430950331321384,0.01594873188528864,11.873629853706548,11.039934718628706
7426,10.180555555555555,0.49178360459240816,0.005481199929547765,12.229012615284011,12.016119145685716
7427,10.181944444444444,0.032335133962405636,0.00036039292961697765,12.595854896411463,12.52268847296436
7428,10.183333333333334,0.40153479786151475,0.004475327125989931,12.819813181209485,12.8150024350162
7429,10.184722222222222,0.0,0.0,13.000933121291068,12.941193705875964
7430,10.186111111111112,0.0,0.0,13.075907182944032,13.075907182944032
7431,10.1875,0.0,0.0,13.162588928967951,13.162588928967951
7432,10.188888888888888,0.0,0.0,13.227229028198565,13.227229028198565
7433,10.190277777777778,5.428441594166248,0.06050298018405619,13.281571525973664,13.281571525973664
7434,10.191666666666666,9.685579156589833,0.1079511299176586,13.59871041735479,12.791079474339066
7435,10.193055555555556,10.620884971800908,0.11837562988180339,13.640695906360458,12.199697916017056
7436,10.194444444444445,12.50066626707807,0.13932683079013364,13.443444385041294,11.863293766002617
7437,10.195833333333333,14.672911609836099,0.16353770506186524,13.368108192827444,11.508288074940415
7438,10.197222222222223,0.0,0.0,13.285472735907753,11.102470996886854
7439,10.198611111111111,0.0,0.0,12.327362098459929,12.327362098459929
7440,10.2,0.0,0.0,12.730841313172458,12.730841313172458
7441,10.20138888888889,0.0,0.0,12.93588708659998,12.93588708659998
7442,10.202777777777778,0.0,0.0,13.057296534150877,13.057296534150877
7443,10.204166666666667,0.0,0.0,13.136643058064427,13.136643058064427
7444,10.205555555555556,0.0,0.0,13.196891118309747,13.196891118309747
7445,10.206944444444444,0.0,0.0,13.244438424497853,13.244438424497853
7446,10.208333333333334,47.605521629636634,0.5305898353783327,13.283011237419558,13.283011237419558
7447,10.209722222222222,30.049956957749064,0.33492336959106145,15.703741894188916,8.62110286058169
7448,10.21111111111111,9.359332133327351,0.10431492662779175,13.032941399570529,8.56217853800633
7449,10.2125,2.9265709305675784,0.032618249629811226,11.62973592317472,10.237276207856091
7450,10.213888888888889,0.8272002927098996,0.00921960419945522,11.791686438322666,11.356278006739508
7451,10.215277777777779,0.16891487890808915,0.0018826496323274952,12.1457028675142,12.022633927584527
7452,10.216666666666667,0.0,0.0,12.428550978152693,12.403420214456435
7453,10.218055555555555,0.0,0.0,12.627593844841266,12.627593844841266
7454,10.219444444444445,0.0,0.0,12.771768855876727,12.771768855876727
7455,10.220833333333333,0.0,0.0,12.876063430495611,12.876063430495611
7456,10.222222222222221,0.0,0.0,12.956402028340577,12.956402028340577
7457,10.223611111111111,3.084868302801445,0.034382561285249566,13.02081875024885,13.02081875024885
7458,10.225,8.585219373988565,0.09568701231278232,13.228631853432109,12.769672306156458
7459,10.22638888888889,10.352551621306914,0.1153849064658774,13.431158666794406,12.153869651386625
7460,10.227777777777778,12.485705234946213,0.13916008182269893,13.288964574686819,11.748735968834195
7461,10.229166666666666,13.232791613659705,0.14748677219653597,13.210870267270058,11.3532760170247
7462,10.230555555555556,0.0,0.0,13.046074079589685,11.077330051624878
7463,10.231944444444444,0.0,0.0,12.21466814459519,12.21466814459519
7464,10.233333333333333,0.0,0.0,12.597923340407862,12.597923340407862
7465,10.234722222222222,0.0,0.0,12.796613640216796,12.796613640216796
7466,10.23611111111111,0.0,0.0,12.916943403391198,12.916943403391198
7467,10.2375,0.0,0.0,12.997351563207104,12.997351563207104
7468,10.238888888888889,0.0,0.0,13.058744019318501,13.058744019318501
7469,10.240277777777777,0.0,0.0,13.107757903736774,13.107757903736774
7470,10.241666666666667,49.77680174451518,0.5547899516521653,13.148158347404568,13.148158347404568
7471,10.243055555555555,31.037385078451777,0.345928801441753,15.679330265434576,8.27365321505746
7472,10.244444444444444,10.948579836882601,0.12202797016851873,12.867397721167755,8.249727595253436
7473,10.245833333333334,6.4491700767108435,0.07187956296226376,11.493008387518865,9.864104086909448
7474,10.247222222222222,4.22625027028039,0.04710389380083393,11.724553325661613,10.765060767738504
7475,10.248611111111112,1.2538310154377588,0.01397463927081952,11.98030240073352,11.351530693053158
7476,10.25,1.2523831736185465,0.013958502273970998,12.088870718605513,11.902328649797294
7477,10.251388888888888,0.0,0.0,12.336805844512968,12.150479182250717
7478,10.252777777777778,0.0,0.0,12.429760900040785,12.429760900040785
7479,10.254166666666666,0.0,0.0,12.588690997323633,12.588690997323633
7480,10.255555555555556,0.0,0.0,12.700322594582868,12.700322594582868
7481,10.256944444444445,6.385947650605245,0.07117491409987833,12.785754803192981,12.785754803192981
7482,10.258333333333333,11.922012153332933,0.13287741104967463,13.186143992741364,12.236057520658855
7483,10.259722222222223,13.864533260775959,0.1545278818214408,13.286775617179899,11.513046315498048
7484,10.261111111111111,15.614008792324023,0.17402675301340415,13.09182695835165,11.02909387416284
7485,10.2625,16.34130799950828,0.18213290443031138,12.946339972549705,10.623323978649656
7486,10.26388888888889,0.0,0.0,12.760923582002539,10.329701699844605
7487,10.265277777777778,0.0,0.0,11.755735957679473,11.755735957679473
7488,10.266666666666667,0.0,0.0,12.240904671074954,12.240904671074954
7489,10.268055555555556,0.0,0.0,12.492388332593812,12.492388332593812
7490,10.269444444444444,0.0,0.0,12.643882197567738,12.643882197567738
7491,10.270833333333334,0.0,0.0,12.744010796877118,12.744010796877118
7492,10.272222222222222,0.0,0.0,12.820926186641177,12.820926186641177
7493,10.27361111111111,0.0,0.0,12.885688942693333,12.885688942693333
7494,10.275,57.56570811793704,0.6416016156982608,12.940848973016486,12.940848973016486
7495,10.276388888888889,32.676342017799975,0.36419588187427915,15.876827885549817,7.312335420047274
7496,10.277777777777779,5.815980587775378,0.06482231634051042,12.472709145425396,7.6111988094753915
7497,10.279166666666667,1.4565288701274661,0.016233818829612518,10.833390288317576,9.968102193164437
7498,10.280555555555555,0.10134892734485348,0.001129589779396497,11.359041337434064,11.142342352190337
7499,10.281944444444445,0.0,0.0,11.81671414940558,11.801635691187826
7500,10.283333333333333,0.10569245280249007,0.0011780007699420613,12.13928323123186,12.13928323123186
7501,10.284722222222221,0.0,0.0,12.338073656011744,12.322348978156086
7502,10.286111111111111,0.0,0.0,12.466802121315059,12.466802121315059
7503,10.2875,0.0,0.0,12.57573994250376,12.57573994250376
7504,10.28888888888889,0.0,0.0,12.662584047441953,12.662584047441953
7505,10.290277777777778,4.759538673690215,0.05304768764003931,12.73383565263977,12.73383565263977
7506,10.291666666666666,9.983351957407807,0.11126997226950448,13.044307210581252,12.336194091802707
7507,10.293055555555556,11.342392811708317,0.12641723331131655,13.186323903069649,11.701023966438846
7508,10.294444444444444,12.668615918106687,0.14119872242456213,13.00925815603928,11.321763274926589
7509,10.295833333333333,12.940810180118579,0.14423247783208415,12.896990145603818,11.01218286838451
7510,10.297222222222222,0.0,0.0,12.738577783277174,10.813274075415897
7511,10.29861111111111,0.0,0.0,11.954616528087431,11.954616528087431
7512,10.3,0.0,0.0,12.345833137217825,12.345833137217825
7513,10.301388888888889,0.0,0.0,12.550213826019606,12.550213826019606
7514,10.302777777777777,0.0,0.0,12.674812676058831,12.674812676058831
7515,10.304166666666667,0.0,0.0,12.758383736909643,12.758383736909643
7516,10.305555555555555,0.0,0.0,12.823735731980065,12.823735731980065
7517,10.306944444444444,0.0,0.0,12.879046206679696,12.879046206679696
7518,10.308333333333334,50.83517411435929,0.5665860963484344,12.926898473753338,12.926898473753338
7519,10.309722222222222,28.571227846393676,0.3184421168097716,15.519408143588976,7.956268908109307
7520,10.311111111111112,5.747932022272406,0.06406387748862992,12.49918409657055,8.24842312062159
7521,10.3125,0.6698681483555078,0.007466050541915895,11.107565471592132,10.252401484099487
7522,10.313888888888888,0.019787171529233302,0.00022053895692979232,11.482289258631559,11.382627830030401
7523,10.315277777777778,0.0,0.0,11.945188229313914,11.942244339852351
7524,10.316666666666666,0.03185252002266824,0.0003550139306674705,12.22915584889149,12.22915584889149
7525,10.318055555555556,0.0,0.0,12.39704708648021,12.392308142468917
7526,10.319444444444445,0.0,0.0,12.514097196223485,12.514097196223485
7527,10.320833333333333,0.0,0.0,12.608488265767642,12.608488265767642
7528,10.322222222222223,0.0,0.0,12.684147521889143,12.684147521889143
7529,10.323611111111111,2.537101481199499,0.028277397477558978,12.746786496569651,12.746786496569651
7530,10.325,7.71651428246125,0.08600481420366948,12.939671085500569,12.562207014782782
7531,10.32638888888889,9.622356730484231,0.10724648105527312,13.159468265706344,12.011423177879315
7532,10.327777777777778,11.664296309513162,0.13000502561063781,13.055890805446353,11.62429890094355
7533,10.329166666666667,12.698537982370405,0.14153222035943158,12.988034437394434,11.252647500894875
7534,10.330555555555556,0.0,0.0,12.851184188998124,10.961925176495479
7535,10.331944444444444,0.0,0.0,12.044503037019295,12.044503037019295
7536,10.333333333333334,0.0,0.0,12.407246897135057,12.407246897135057
7537,10.334722222222222,0.0,0.0,12.594135820412134,12.594135820412134
7538,10.33611111111111,0.0,0.0,12.7065378641659,12.7065378641659
7539,10.3375,0.0,0.0,12.78085960600453,12.78085960600453
7540,10.338888888888889,0.0,0.0,12.839167050206369,12.839167050206369
7541,10.340277777777779,0.0,0.0,12.890015586742368,12.890015586742368
7542,10.341666666666667,0.0,0.0,12.934567153256024,12.934567153256024
7543,10.343055555555555,0.0,0.0,12.974555251062444,12.974555251062444
7544,10.344444444444445,0.0,0.0,13.012327813093965,13.012327813093965
7545,10.345833333333333,0.0,0.0,13.048502147528172,13.048502147528172
7546,10.347222222222221,0.0,0.0,13.078376679104284,13.078376679104284
7547,10.348611111111111,0.0,0.0,13.105141512290327,13.105141512290327
7548,10.35,0.0,0.0,13.120120215053042,13.120120215053042
7549,10.35138888888889,0.0,0.0,13.123736583525304,13.123736583525304
7550,10.352777777777778,0.0,0.0,13.133541186983095,13.133541186983095
7551,10.354166666666666,0.0,0.0,13.147132685146797,13.147132685146797
7552,10.355555555555556,0.0,0.0,13.160614649597292,13.160614649597292
7553,10.356944444444444,0.0,0.0,13.17345248515151,13.17345248515151
7554,10.358333333333333,0.0,0.0,13.200069755909686,13.200069755909686
7555,10.359722222222222,0.0,0.0,13.223899358253952,13.223899358253952
7556,10.36111111111111,0.0,0.0,13.23819886552728,13.23819886552728
7557,10.3625,0.0,0.0,13.248697890055013,13.248697890055013
7558,10.363888888888889,0.0,0.0,13.257998805965617,13.257998805965617
7559,10.365277777777777,0.0,0.0,13.266122055210221,13.266122055210221
7560,10.366666666666667,0.0,0.0,13.27245728757759,13.27245728757759
7561,10.368055555555555,0.0,0.0,13.277426167359348,13.277426167359348
7562,10.369444444444444,0.0,0.0,13.281699321408041,13.281699321408041
7563,10.370833333333334,0.0,0.0,13.285451822008394,13.285451822008394
7564,10.372222222222222,0.0,0.0,13.29049662758839,13.29049662758839
7565,10.373611111111112,0.0,0.0,13.298541775150095,13.298541775150095
7566,10.375,0.0,0.0,13.307985351531219,13.307985351531219
7567,10.376388888888888,0.0,0.0,13.317877948136156,13.317877948136156
7568,10.377777777777778,0.0,0.0,13.327909656503923,13.327909656503923
7569,10.379166666666666,0.0,0.0,13.337815702828154,13.337815702828154
7570,10.380555555555556,0.0,0.0,13.344191797365923,13.344191797365923
7571,10.381944444444445,0.0,0.0,13.349360892863269,13.349360892863269
7572,10.383333333333333,0.0,0.0,13.348131042493344,13.348131042493344
7573,10.384722222222223,0.0,0.0,13.341499646220553,13.341499646220553
7574,10.386111111111111,0.0,0.0,13.341238153295246,13.341238153295246
7575,10.3875,0.0,0.0,13.345157847193299,13.345157847193299
7576,10.38888888888889,0.0,0.0,13.349823900767678,13.349823900767678
7577,10.390277777777778,0.0,0.0,13.354445001643548,13.354445001643548
7578,10.391666666666667,0.0,0.0,13.37177694138904,13.37177694138904
7579,10.393055555555556,0.0,0.0,13.387060536025615,13.387060536025615
7580,10.394444444444444,0.0,0.0,13.394548811889607,13.394548811889607
7581,10.395833333333334,0.0,0.0,13.398814164563756,13.398814164563756
7582,10.397222222222222,0.0,0.0,13.402407598502176,13.402407598502176
7583,10.39861111111111,0.0,0.0,13.405535740094962,13.405535740094962
7584,10.4,0.0,0.0,13.40754330866066,13.40754330866066
7585,10.401388888888889,0.0,0.0,13.408422590724633,13.408422590724633
7586,10.402777777777779,0.0,0.0,13.408701937909752,13.408701937909752
7587,10.404166666666667,0.0,0.0,13.408497032276015,13.408497032276015
7588,10.405555555555555,0.0,0.0,13.409658062361581,13.409658062361581
7589,10.406944444444445,0.0,0.0,13.41342728710572,13.41342728710572
7590,10.408333333333333,71.61508251763243,0.798189654117363,13.418614955814943,13.418614955814943
7591,10.409722222222221,41.446402530707964,0.4619430507847227,17.01616525421722,6.361439468823962
7592,10.411111111111111,10.398399945581968,0.1158959113660806,12.770053193784921,6.603753606725231
7593,10.4125,2.750899456503166,0.03066029401219063,10.771251703493974,9.224201890352367
7594,10.41388888888889,0.4092566208973132,0.004561391109182046,11.162878557335835,10.753606119996785
7595,10.415277777777778,0.0,0.0,11.680890197121027,11.620001946794094
7596,10.416666666666666,0.006273981216586168,6.992698634359267e-05,12.074358893579722,12.074358893579722
7597,10.418055555555556,0.0,0.0,12.332334452242302,12.33140102387644
7598,10.419444444444444,0.0,0.0,12.503929297091169,12.503929297091169
7599,10.420833333333333,0.0,0.0,12.629456906783812,12.629456906783812
7600,10.422222222222222,0.0,0.0,12.725962933112385,12.725962933112385
7601,10.42361111111111,5.112329463638253,0.056979735872129025,12.802827835889753,12.802827835889753
7602,10.425,10.204871755747273,0.11373893278732826,13.122029391792228,12.3614288779795
7603,10.426388888888889,11.238630814664779,0.12526074853717253,13.234248970066709,11.715991831902812
7604,10.427777777777777,12.491013988283326,0.13921925081114353,13.036942070780945,11.364884658795955
7605,10.429166666666667,12.923436078288033,0.1440388338699019,12.93505104719608,11.076666972948837
7606,10.430555555555555,0.0,0.0,12.794509082059434,10.871790252749772
7607,10.431944444444444,0.0,0.0,12.010071006864997,12.010071006864997
7608,10.433333333333334,0.0,0.0,12.400046794347917,12.400046794347917
7609,10.434722222222222,0.0,0.0,12.604400227303547,12.604400227303547
7610,10.436111111111112,0.0,0.0,12.72956011509682,12.72956011509682
7611,10.4375,0.0,0.0,12.814105631414112,12.814105631414112
7612,10.438888888888888,0.0,0.0,12.878921261820727,12.878921261820727
7613,10.440277777777778,0.0,0.0,12.930813418873303,12.930813418873303
7614,10.441666666666666,35.458611380386074,0.3952058108181878,12.97367494695054,12.97367494695054
7615,10.443055555555556,20.97391920704756,0.23376591534663033,14.789320332521575,9.513870417403215
7616,10.444444444444445,1.7345144994162067,0.01933212222452862,12.741242960487806,9.620791933414516
7617,10.445833333333333,0.0,0.0,11.569295445453495,11.311238403383927
7618,10.447222222222223,0.0,0.0,12.03155878487873,12.03155878487873
7619,10.448611111111111,0.0,0.0,12.37306036613236,12.37306036613236
7620,10.45,0.0,0.0,12.562167915260657,12.562167915260657
7621,10.45138888888889,0.0,0.0,12.679581849261936,12.679581849261936
7622,10.452777777777778,0.0,0.0,12.765344310666231,12.765344310666231
7623,10.454166666666667,0.0,0.0,12.831939982563508,12.831939982563508
7624,10.455555555555556,0.0,0.0,12.885626669407904,12.885626669407904
7625,10.456944444444444,0.0,0.0,12.93013944110896,12.93013944110896
7626,10.458333333333334,0.5868585507206754,0.006540862722600668,12.967859903487133,12.967859903487133
7627,10.459722222222222,1.866750718904254,0.02080596793669358,13.02981605112538,12.942504597826382
7628,10.46111111111111,3.2257915732047655,0.035953228978505655,13.107735156529444,12.830004316594804
7629,10.4625,3.905312000355021,0.04352685949941169,13.153166719604085,12.673240935187557
7630,10.463888888888889,0.0,0.0,13.12511092805337,12.544087671395898
7631,10.465277777777779,0.0,0.0,12.86576060193717,12.86576060193717
7632,10.466666666666667,0.0,0.0,12.976125632062235,12.976125632062235
7633,10.468055555555555,0.0,0.0,13.0366758171778,13.0366758171778
7634,10.469444444444445,0.0,0.0,13.076017097674436,13.076017097674436
7635,10.470833333333333,0.0,0.0,13.104350710823267,13.104350710823267
7636,10.472222222222221,0.0,0.0,13.127423548080428,13.127423548080428
7637,10.473611111111111,0.0,0.0,13.146976327929307,13.146976327929307
7638,10.475,29.527286061013456,0.32909791372874514,13.16400656651372,13.16400656651372
7639,10.47638888888889,16.565240867546436,0.18462875994288272,14.659953155403933,10.266952056934157
7640,10.477777777777778,0.1795323855823119,0.002000987609216652,12.89407949835898,10.429541403758009
7641,10.479166666666666,0.0,0.0,11.920383357378114,11.893672945678091
7642,10.480555555555556,0.0,0.0,12.390924479699946,12.390924479699946
7643,10.481944444444444,0.0,0.0,12.638505287838838,12.638505287838838
7644,10.483333333333333,0.0,0.0,12.767201844023775,12.767201844023775
7645,10.484722222222222,0.0,0.0,12.83728988242428,12.83728988242428
7646,10.48611111111111,0.0,0.0,12.89336528715976,12.89336528715976
7647,10.4875,0.0,0.0,12.941137749185822,12.941137749185822
7648,10.488888888888889,0.0,0.0,12.98081921303821,12.98081921303821
7649,10.490277777777777,2.340194993786641,0.026082765906160068,13.01410600926085,13.01410600926085
7650,10.491666666666667,8.621898033408609,0.09609581623294487,13.177894445586404,12.829725665120254
7651,10.493055555555555,9.91771646160352,0.1105384284123715,13.443599470696084,12.160853489457114
7652,10.494444444444444,10.782078027673201,0.12017221553093879,13.24911012026156,11.773575280381303
7653,10.495833333333334,11.741997153810882,0.13087104444150843,13.098227881859142,11.494095334036034
7654,10.497222222222222,0.0,0.0,12.982387204114385,11.235440116314548
7655,10.498611111111112,0.0,0.0,12.237548830552957,12.237548830552957
7656,10.5,0.0,0.0,12.57091732532473,12.57091732532473
7657,10.501388888888888,0.0,0.0,12.74031175670924,12.74031175670924
7658,10.502777777777778,0.0,0.0,12.840570687932459,12.840570687932459
7659,10.504166666666666,0.0,0.0,12.905550979085577,12.905550979085577
7660,10.505555555555556,0.0,0.0,12.955524648584463,12.955524648584463
7661,10.506944444444445,0.0,0.0,12.998164124903457,12.998164124903457
7662,10.508333333333333,51.515659769389025,0.5741704848672394,13.03507393189302,13.03507393189302
7663,10.509722222222223,30.3318034985557,0.33806470497757357,15.651325789804204,7.9869454777196145
7664,10.511111111111111,8.579910620651455,0.09562784332433776,12.649221490645157,8.136526154799206
7665,10.5125,4.044787428939129,0.04508139019581925,11.245864359486392,9.969365168080493
7666,10.51388888888889,1.3421493664097028,0.014958996078579328,11.564074590084395,10.962300502832013
7667,10.515277777777778,0.013995804252384529,0.00015599096953570674,11.847581632977816,11.647899764865553
7668,10.516666666666667,0.7620474108453507,0.008493439341271756,12.092645871974097,12.090563608696408
7669,10.518055555555556,0.28570745232453937,0.0031843673781082205,12.354420642162568,12.241044996801453
7670,10.519444444444444,0.49854019974873165,0.005556505914840863,12.45047296543796,12.40796607370029
7671,10.520833333333334,0.22441548197788985,0.0025012345115208146,12.572103095847334,12.49793144185238
7672,10.522222222222222,0.0,0.0,12.633934722543833,12.600546707918806
7673,10.52361111111111,10.111727265377953,0.11270078599007335,12.695047999897076,12.695047999897076
7674,10.525,17.03530684485066,0.18986790491970262,13.277142695020423,11.772743377980463
7675,10.526388888888889,18.909296772850976,0.21075455784063885,13.298071381073104,10.763597961214547
7676,10.527777777777779,19.63514813821602,0.21884457226069756,12.957735029096895,10.14445373657386
7677,10.529166666666667,19.413628339876556,0.21637561174287379,12.671361835553782,9.75009006131883
7678,10.530555555555555,0.0,0.0,12.411012264575831,9.522697691873969
7679,10.531944444444445,0.0,0.0,11.257901491166816,11.257901491166816
7680,10.533333333333333,0.0,0.0,11.853909620042716,11.853909620042716
7681,10.534722222222221,0.0,0.0,12.16366076684293,12.16366076684293
7682,10.536111111111111,0.0,0.0,12.350982254855476,12.350982254855476
7683,10.5375,0.0,0.0,12.475849300016847,12.475849300016847
7684,10.53888888888889,0.0,0.0,12.570730326189418,12.570730326189418
7685,10.540277777777778,0.0,0.0,12.646507618889924,12.646507618889924
7686,10.541666666666666,67.59683885537885,0.7534041088637665,12.70859892295092,12.70859892295092
7687,10.543055555555556,40.51109671549689,0.45151855082057796,16.15329350749664,6.096392689346352
7688,10.544444444444444,13.073529013546363,0.14571170254319862,12.260816076585629,6.233669118221214
7689,10.545833333333333,3.989769439809066,0.04446818431557544,10.456466557969812,8.511417250061475
7690,10.547222222222222,2.599841293365361,0.028976667340994907,10.66939884876042,10.075810210254819
7691,10.54861111111111,1.2909922887975385,0.01438882218993157,11.24383190805999,10.857033553683593
7692,10.55,2.384112862302744,0.026572254810565216,11.559603389204117,11.367532552382722
7693,10.551388888888889,0.0,0.0,11.882128088968944,11.527425309941767
7694,10.552777777777777,0.0,0.0,11.899875050126122,11.899875050126122
7695,10.554166666666667,0.0,0.0,12.099526993788665,12.099526993788665
7696,10.555555555555555,0.0,0.0,12.238938911284627,12.238938911284627
7697,10.556944444444444,6.139331927399434,0.06842624563668018,12.345481658847888,12.345481658847888
7698,10.558333333333334,12.095753171638396,0.13481385067149718,12.746031671862005,11.832636114776031
7699,10.559722222222222,13.94561240265184,0.155431553644958,12.887312781593446,11.087734694395445
7700,10.561111111111112,15.906472839804886,0.17728642637680547,12.691247167756668,10.616451316993654
7701,10.5625,16.934440531445546,0.18874369413925568,12.571389194288763,10.204861078103194
7702,10.563888888888888,0.0,0.0,12.403483447880447,9.884016684057656
7703,10.565277777777778,0.0,0.0,11.359639720449518,11.359639720449518
7704,10.566666666666666,0.0,0.0,11.863346487348483,11.863346487348483
7705,10.568055555555556,0.0,0.0,12.126816808200608,12.126816808200608
7706,10.569444444444445,0.0,0.0,12.288077399291414,12.288077399291414
7707,10.570833333333333,0.0,0.0,12.396571444567362,12.396571444567362
7708,10.572222222222223,0.0,0.0,12.480406113177906,12.480406113177906
7709,10.573611111111111,0.0,0.0,12.550166203645473,12.550166203645473
7710,10.575,70.1590362614447,0.7819612142866998,12.610090363705327,12.610090363705327
7711,10.57638888888889,43.029376253046635,0.4795861673391062,16.18216778114108,5.7440691788095615
7712,10.577777777777778,27.359866857652808,0.3049408294465087,12.187926298494379,5.7861155545097605
7713,10.579166666666667,19.74035797707877,0.22001719403169007,10.917154194909038,6.846616695753239
7714,10.580555555555556,14.197536879194763,0.15823939109660073,10.71328264923234,7.776357999323718
7715,10.581944444444444,12.39159551669742,0.13811117702754505,10.730171532883453,8.617894943122021
7716,10.583333333333334,14.972614866413023,0.16687806340950917,10.941620633647082,9.098027808889636
7717,10.584722222222222,13.088972659617959,0.14588383050958284,11.27054227452307,9.04295138048681
7718,10.58611111111111,12.070657246772052,0.13453414272612282,11.185645374395754,9.23829839666376
7719,10.5875,13.141577579049335,0.1464701413950791,11.214815518432747,9.41897114469819
7720,10.588888888888889,16.962432139950312,0.18905567607832707,11.35265657659516,9.397483161026333
7721,10.590277777777779,22.067039780552765,0.24594934796726395,11.553652571064147,9.030021280685975
7722,10.591666666666667,0.0,0.0,11.684049807586792,8.400966838307722
7723,10.593055555555555,0.0,0.0,10.312250176372125,10.312250176372125
7724,10.594444444444445,0.0,0.0,11.004932043953177,11.004932043953177
7725,10.595833333333333,0.0,0.0,11.406104746542463,11.406104746542463
7726,10.597222222222221,0.0,0.0,11.661434222138157,11.661434222138157
7727,10.598611111111111,0.0,0.0,11.837199404772658,11.837199404772658
7728,10.6,0.0,0.0,11.971186365244286,11.971186365244286
7729,10.60138888888889,0.0,0.0,12.077659223406961,12.077659223406961
7730,10.602777777777778,0.0,0.0,12.166598075149995,12.166598075149995
7731,10.604166666666666,0.0,0.0,12.24280562220778,12.24280562220778
7732,10.605555555555556,0.0,0.0,12.310541265104472,12.310541265104472
7733,10.606944444444444,0.0,0.0,12.37584238423886,12.37584238423886
7734,10.608333333333333,0.0,0.0,12.438207405419893,12.438207405419893
7735,10.609722222222222,0.0,0.0,12.49817764768303,12.49817764768303
7736,10.61111111111111,0.0,0.0,12.550238308154945,12.550238308154945
7737,10.6125,0.0,0.0,12.592020022921893,12.592020022921893
7738,10.613888888888889,0.0,0.0,12.625853971987016,12.625853971987016
7739,10.615277777777777,0.0,0.0,12.655644117218975,12.655644117218975
7740,10.616666666666667,0.0,0.0,12.674959924821929,12.674959924821929
7741,10.618055555555555,0.0,0.0,12.685067340070532,12.685067340070532
7742,10.619444444444444,0.0,0.0,12.701382927641832,12.701382927641832
7743,10.620833333333334,0.0,0.0,12.721764787783119,12.721764787783119
7744,10.622222222222222,0.0,0.0,12.742411088174814,12.742411088174814
7745,10.623611111111112,0.0,0.0,12.762193846404102,12.762193846404102
7746,10.625,0.0,0.0,12.798006590521497,12.798006590521497
7747,10.626388888888888,0.0,0.0,12.831006317747216,12.831006317747216
7748,10.627777777777778,0.0,0.0,12.85416418199686,12.85416418199686
7749,10.629166666666666,0.0,0.0,12.871938085243487,12.871938085243487
7750,10.630555555555556,0.0,0.0,12.88784632732585,12.88784632732585
7751,10.631944444444445,0.0,0.0,12.901837460149615,12.901837460149615
7752,10.633333333333333,0.0,0.0,12.913641636563005,12.913641636563005
7753,10.634722222222223,0.0,0.0,12.923173319153829,12.923173319153829
7754,10.636111111111111,0.0,0.0,12.931478494015124,12.931478494015124
7755,10.6375,0.0,0.0,12.938888173849175,12.938888173849175
7756,10.63888888888889,0.0,0.0,12.94779049687081,12.94779049687081
7757,10.640277777777778,0.0,0.0,12.960510246290758,12.960510246290758
7758,10.641666666666667,75.39684534941466,0.8403394898857006,12.97473783343948,12.97473783343948
7759,10.643055555555556,44.7827126961126,0.49912807052266556,16.77067039297105,5.553302709509583
7760,10.644444444444444,13.832198126813553,0.15416748889182386,12.36591086655547,5.7032427954037
7761,10.645833333333334,4.6572245184658865,0.0519073398627438,10.31245817303529,8.254535835039764
7762,10.647222222222222,1.6756355987682445,0.018675884352688753,10.582779906270984,9.889888850074172
7763,10.64861111111111,0.16408873951071518,0.001828859642832424,11.094845858608249,10.845548682741375
7764,10.65,0.6148501592254445,0.006852844661672082,11.457422257208611,11.433009515332246
7765,10.651388888888889,0.0,0.0,11.780184271414482,11.688708291560106
7766,10.652777777777779,0.0,0.0,11.928608864246902,11.928608864246902
7767,10.654166666666667,0.0,0.0,12.084397919501068,12.084397919501068
7768,10.655555555555555,0.0,0.0,12.200829112530633,12.200829112530633
7769,10.656944444444445,2.6775421376630817,0.029842686171865553,12.292897711492905,12.292897711492905
7770,10.658333333333333,6.74646026358908,0.07519302631516016,12.519300542732982,12.120942037056306
7771,10.659722222222221,8.377695379901484,0.09337404276449425,12.698547007400812,11.69482430537229
7772,10.661111111111111,9.816367534258667,0.10940883863297501,12.643441850342654,11.397027773190276
7773,10.6625,10.517605588697105,0.11722452410660886,12.603129930516445,11.142673548853942
7774,10.66388888888889,0.0,0.0,12.510077461566235,10.94529250947327
7775,10.665277777777778,0.0,0.0,11.86492930592765,11.86492930592765
7776,10.666666666666666,0.0,0.0,12.184956220117675,12.184956220117675
7777,10.668055555555556,0.0,0.0,12.359651750133583,12.359651750133583
7778,10.669444444444444,0.0,0.0,12.470452650093248,12.470452650093248
7779,10.670833333333333,0.0,0.0,12.548794796844996,12.548794796844996
7780,10.672222222222222,0.0,0.0,12.612063352876758,12.612063352876758
7781,10.67361111111111,0.0,0.0,12.666347199879509,12.666347199879509
7782,10.675,43.140860073125964,0.48082871609644223,12.707930015508897,12.707930015508897
7783,10.676388888888889,27.613239176014943,0.30776480389499994,14.906447094618926,8.488050046594779
7784,10.677777777777777,6.863735450945269,0.0765001230598904,12.509717906155181,8.401484261454994
7785,10.679166666666667,0.8537440593954564,0.009515449141678112,11.128090066191069,10.106919433939145
7786,10.680555555555555,0.0,0.0,11.338806091576053,11.211788031636969
7787,10.681944444444444,0.0,0.0,11.76274808415565,11.76274808415565
7788,10.683333333333334,0.0,0.0,12.043957502903595,12.043957502903595
7789,10.684722222222222,0.0,0.0,12.21330046679564,12.21330046679564
7790,10.686111111111112,0.0,0.0,12.33190162613025,12.33190162613025
7791,10.6875,0.0,0.0,12.422131307109565,12.422131307109565
7792,10.688888888888888,0.0,0.0,12.494044086705886,12.494044086705886
7793,10.690277777777778,1.406819634334514,0.015679781937813282,12.553174151326461,12.553174151326461
7794,10.691666666666666,6.168288763783678,0.06874898557365061,12.673528345361209,12.46422498486238
7795,10.693055555555556,8.032143799049509,0.08952267951664716,12.901258311195091,11.98355462318976
7796,10.694444444444445,9.759901703309392,0.10877949575588268,12.827789633779592,11.632785918931555
7797,10.695833333333333,10.367030039499037,0.11554627643436263,12.765797019916489,11.313741493546734
7798,10.697222222222223,0.0,0.0,12.636903231705158,11.094520560392857
7799,10.698611111111111,0.0,0.0,11.985943971315592,11.985943971315592
7800,10.7,0.0,0.0,12.288367960040283,12.288367960040283
7801,10.70138888888889,0.0,0.0,12.447302955792187,12.447302955792187
7802,10.702777777777778,0.0,0.0,12.545378511946522,12.545378511946522
7803,10.704166666666667,0.0,0.0,12.612370362983267,12.612370362983267
7804,10.705555555555556,0.0,0.0,12.664521768877124,12.664521768877124
7805,10.706944444444444,0.0,0.0,12.70697787790991,12.70697787790991
7806,10.708333333333334,45.595434570630374,0.5081863047536356,12.742666133355607,12.742666133355607
7807,10.709722222222222,27.836689430113353,0.31025528040862166,15.060355655508783,8.27677270988702
7808,10.71111111111111,8.104535890010117,0.09032952935907322,12.45415577931734,8.312677724356105
7809,10.7125,2.086822675424507,0.023258791457668827,11.15092979958265,9.945155757436218
7810,10.713888888888889,0.0,0.0,11.332246307195518,11.021773672273754
7811,10.715277777777779,0.0,0.0,11.675668431816447,11.675668431816447
7812,10.716666666666667,0.2741247177708418,0.003055271403320049,11.979968855589538,11.979968855589538
7813,10.718055555555555,0.0,0.0,12.161529442550526,12.120745803180599
7814,10.719444444444445,0.0,0.0,12.256148821300444,12.256148821300444
7815,10.720833333333333,0.0,0.0,12.353593512319643,12.353593512319643
7816,10.722222222222221,0.0,0.0,12.430556780461494,12.430556780461494
7817,10.723611111111111,6.966532220109334,0.07764584983613541,12.49348990898498,12.49348990898498
7818,10.725,12.286868291774404,0.136943934255502,12.914556656638748,11.878092159623103
7819,10.72638888888889,13.937407965676304,0.15534011066281636,12.976643893141246,11.14863214187548
7820,10.727777777777778,15.645861312346694,0.17438176694407165,12.755425493456979,10.681850279787783
7821,10.729166666666666,16.28822046613717,0.1815412145458656,12.607198375387856,10.279443437476514
7822,10.730555555555556,0.0,0.0,12.415486376737293,9.992162734598184
7823,10.731944444444444,0.0,0.0,11.412693845692695,11.412693845692695
7824,10.733333333333333,0.0,0.0,11.894139390490054,11.894139390490054
7825,10.734722222222222,0.0,0.0,12.143056982283797,12.143056982283797
7826,10.73611111111111,0.0,0.0,12.293224960424519,12.293224960424519
7827,10.7375,0.0,0.0,12.39288215691338,12.39288215691338
7828,10.738888888888889,0.0,0.0,12.469557447241078,12.469557447241078
7829,10.740277777777777,0.0,0.0,12.53291154028336,12.53291154028336
7830,10.741666666666667,0.0,0.0,12.586595070094948,12.586595070094948
7831,10.743055555555555,0.0,0.0,12.634549330566973,12.634549330566973
7832,10.744444444444444,0.0,0.0,12.680003865112305,12.680003865112305
7833,10.745833333333334,0.0,0.0,12.722601573843647,12.722601573843647
7834,10.747222222222222,0.0,0.0,12.75925640803671,12.75925640803671
7835,10.748611111111112,0.0,0.0,12.792285018237356,12.792285018237356
7836,10.75,0.0,0.0,12.81376048158096,12.81376048158096
7837,10.751388888888888,0.0,0.0,12.823496201515335,12.823496201515335
7838,10.752777777777778,0.0,0.0,12.836817748186167,12.836817748186167
7839,10.754166666666666,0.0,0.0,12.852873675194228,12.852873675194228
7840,10.755555555555556,0.0,0.0,12.868797269704482,12.868797269704482
7841,10.756944444444445,0.0,0.0,12.883794420464445,12.883794420464445
7842,10.758333333333333,0.0,0.0,12.908756785036779,12.908756785036779
7843,10.759722222222223,0.0,0.0,12.93211219183147,12.93211219183147
7844,10.761111111111111,0.0,0.0,12.948103884610877,12.948103884610877
7845,10.7625,0.0,0.0,12.960239737945116,12.960239737945116
7846,10.76388888888889,0.0,0.0,12.971083634450356,12.971083634450356
7847,10.765277777777778,0.0,0.0,12.981143909213685,12.981143909213685
7848,10.766666666666667,0.0,0.0,12.98990201156519,12.98990201156519
7849,10.768055555555556,0.0,0.0,12.997239028001776,12.997239028001776
7850,10.769444444444444,0.0,0.0,13.00368528351259,13.00368528351259
7851,10.770833333333334,0.0,0.0,13.009440097667191,13.009440097667191
7852,10.772222222222222,0.0,0.0,13.016063284953292,13.016063284953292
7853,10.77361111111111,0.0,0.0,13.024378357117403,13.024378357117403
7854,10.775,51.05428084300008,0.5690281618715107,13.033687526091988,13.033687526091988
7855,10.776388888888889,30.171575670562884,0.3362788773263372,15.603956627021173,8.00821920091836
7856,10.777777777777779,7.027824190455983,0.07832898270272282,12.613707006482365,8.124849995056863
7857,10.779166666666667,2.141358050614833,0.02386661833896313,11.119499190808046,10.073915816679758
7858,10.780555555555555,0.08687050915273158,0.0009682198109112834,11.456413159606084,11.13782687811953
7859,10.781944444444445,0.0,0.0,11.80227337568562,11.789348982927546
7860,10.783333333333333,0.0,0.0,12.102114248035022,12.102114248035022
7861,10.784722222222221,0.0,0.0,12.2772465225216,12.2772465225216
7862,10.786111111111111,0.0,0.0,12.398180753376892,12.398180753376892
7863,10.7875,0.0,0.0,12.489972622869605,12.489972622869605
7864,10.78888888888889,0.0,0.0,12.56245080922872,12.56245080922872
7865,10.790277777777778,0.5743105882875031,0.006401008749913484,12.621193287151982,12.621193287151982
7866,10.791666666666666,5.469946392983664,0.060965574093713795,12.710117717509466,12.624673120942191
7867,10.793055555555556,7.147029833571121,0.07965759544325109,12.985097732263313,12.171291801596508
7868,10.794444444444444,9.085207415556509,0.1012596552244717,12.919379823289033,11.856061310209386
7869,10.795833333333333,10.069257238681063,0.11222743408251674,12.886089324324207,11.534413248375504
7870,10.797222222222222,0.0,0.0,12.777647631308843,11.279566906283943
7871,10.79861111111111,0.0,0.0,12.128044655572555,12.128044655572555
7872,10.8,0.0,0.0,12.409756499443827,12.409756499443827
7873,10.801388888888889,0.0,0.0,12.553771329518243,12.553771329518243
7874,10.802777777777777,0.0,0.0,12.639779702051218,12.639779702051218
7875,10.804166666666667,0.0,0.0,12.696134721725743,12.696134721725743
7876,10.805555555555555,0.0,0.0,12.740598116504183,12.740598116504183
7877,10.806944444444444,0.0,0.0,12.78042563194257,12.78042563194257
7878,10.808333333333334,46.74984711448222,0.5210528702408566,12.815831419655835,12.815831419655835
7879,10.809722222222222,29.618017481684088,0.3301091655312525,15.192098309584853,8.236764544644668
7880,10.811111111111112,18.610558744153526,0.20742495749089393,12.574447789683862,8.167947881000094
7881,10.8125,9.386358513952645,0.10461615056896416,11.660719490814744,8.891883748943089
7882,10.813888888888888,7.243070007578863,0.080728016234203,11.313685578653486,9.917204941143455
7883,10.815277777777778,7.8815682498514406,0.08784443184440094,11.555943073103077,10.478335925807558
7884,10.816666666666666,12.575954041677107,0.14016595462625678,11.821900435356234,10.649299001288862
7885,10.818055555555556,16.106757624795907,0.17951871094085092,12.151572359938132,10.280551101660771
7886,10.819444444444445,18.083544321960286,0.20155109063803212,12.203081334150752,9.806755312439623
7887,10.820833333333333,17.433463345134015,0.19430557905304605,12.096069273660108,9.405641514520777
7888,10.822222222222223,16.92816655022896,0.18867376715291206,11.859592620076004,9.265882400076269
7889,10.823611111111111,19.568064800592524,0.21809689140671606,11.722187771208112,9.203654435751181
7890,10.825,0.0,0.0,11.783783610418265,8.872492339479825
7891,10.82638888888889,0.0,0.0,10.636014657253813,10.636014657253813
7892,10.827777777777778,0.0,0.0,11.275648957851278,11.275648957851278
7893,10.829166666666667,0.0,0.0,11.637489371901255,11.637489371901255
7894,10.830555555555556,0.0,0.0,11.865761531636135,11.865761531636135
7895,10.831944444444444,0.0,0.0,12.021784591649538,12.021784591649538
7896,10.833333333333334,0.0,0.0,12.14079432203235,12.14079432203235
7897,10.834722222222222,0.0,0.0,12.236792764757348,12.236792764757348
7898,10.83611111111111,0.0,0.0,12.317994137052207,12.317994137052207
7899,10.8375,0.0,0.0,12.389330317042548,12.389330317042548
7900,10.838888888888889,0.0,0.0,12.452748325429699,12.452748325429699
7901,10.840277777777779,0.0,0.0,12.50908371710964,12.50908371710964
7902,10.841666666666667,0.0,0.0,12.5590268511415,12.5590268511415
7903,10.843055555555555,0.0,0.0,12.60439157777771,12.60439157777771
7904,10.844444444444445,0.0,0.0,12.642039448096751,12.642039448096751
7905,10.845833333333333,0.0,0.0,12.670751715914644,12.670751715914644
7906,10.847222222222221,0.0,0.0,12.696961592069846,12.696961592069846
7907,10.848611111111111,0.0,0.0,12.721026441668888,12.721026441668888
7908,10.85,0.0,0.0,12.736984005184853,12.736984005184853
7909,10.85138888888889,0.0,0.0,12.745885355073064,12.745885355073064
7910,10.852777777777778,0.0,0.0,12.759695230624612,12.759695230624612
7911,10.854166666666666,0.0,0.0,12.776593573892761,12.776593573892761
7912,10.855555555555556,0.0,0.0,12.79339628272423,12.79339628272423
7913,10.856944444444444,0.0,0.0,12.809507963057587,12.809507963057587
7914,10.858333333333333,0.0,0.0,12.837609367676494,12.837609367676494
7915,10.859722222222222,0.0,0.0,12.863330018061326,12.863330018061326
7916,10.86111111111111,0.0,0.0,12.880633504811144,12.880633504811144
7917,10.8625,0.0,0.0,12.894153193581298,12.894153193581298
7918,10.863888888888889,0.0,0.0,12.90612868178204,12.90612868178204
7919,10.865277777777777,0.0,0.0,12.91727559136298,12.91727559136298
7920,10.866666666666667,0.0,0.0,12.927194876665942,12.927194876665942
7921,10.868055555555555,0.0,0.0,12.93565739961657,12.93565739961657
7922,10.869444444444444,0.0,0.0,12.94319733607916,12.94319733607916
7923,10.870833333333334,0.0,0.0,12.94993012653505,12.94993012653505
7924,10.872222222222222,0.0,0.0,12.957393859656904,12.957393859656904
7925,10.873611111111112,0.0,0.0,12.966256698542312,12.966256698542312
7926,10.875,78.70805958995295,0.8772448016782691,12.976060162698758,12.976060162698758
7927,10.876388888888888,46.92744904430559,0.5230323418542752,16.93363506950643,5.22363261541633
7928,10.877777777777778,16.843226496835175,0.18772706333779882,12.339412194884021,5.357655226971771
7929,10.879166666666666,9.56540828559522,0.1066117591792313,10.295743407054456,7.789847255627644
7930,10.880555555555556,6.522044781611191,0.07269179180363934,10.601365631904866,9.178246384876802
7931,10.881944444444445,2.941531962699438,0.03278499859724595,10.99675601091579,10.026421323512297
7932,10.883333333333333,4.599310845697398,0.051261859988802935,11.185966910344634,10.748332611119809
7933,10.884722222222223,0.8986271557910344,0.010015696043982275,11.599564703315078,10.915289908956982
7934,10.886111111111111,0.5081924785434797,0.005664085893831008,11.552815134971581,11.419119472107491
7935,10.8875,0.3802997845130693,0.004238651172211618,11.776875759570528,11.701268061935787
7936,10.88888888888889,0.3663039802606847,0.004082660202675911,11.945809577269573,11.889229457862
7937,10.890277777777778,10.201976072108847,0.1137066587936312,12.075850419690557,12.021352563560672
7938,10.891666666666667,15.447506983114623,0.1721709983758242,12.679502484134153,11.161676159062193
7939,10.893055555555556,16.900174941724188,0.18836178521384064,12.654820890870415,10.356576649756677
7940,10.894444444444444,18.833043770372466,0.20990467600661672,12.393700600157267,9.879331791255716
7941,10.895833333333334,19.94884719904533,0.2223409215778772,12.255319635498704,9.453383087729978
7942,10.897222222222222,0.0,0.0,12.07395979686994,9.106016604341937
7943,10.89861111111111,0.0,0.0,10.857921648745233,10.857921648745233
7944,10.9,0.0,0.0,11.46312083391234,11.46312083391234
7945,10.901388888888889,0.0,0.0,11.786646782513163,11.786646782513163
7946,10.902777777777779,0.0,0.0,11.988365166490848,11.988365166490848
7947,10.904166666666667,0.0,0.0,12.126826745200741,12.126826745200741
7948,10.905555555555555,0.0,0.0,12.233299317861063,12.233299317861063
7949,10.906944444444445,0.0,0.0,12.320175665081281,12.320175665081281
7950,10.908333333333333,68.3473035316705,0.7617684522302501,12.38819503005227,12.38819503005227
7951,10.909722222222221,40.30212487959059,0.4491894442754413,15.87429116897583,5.70573795783217
7952,10.911111111111111,9.179799747745038,0.10231393901857509,11.907609423917785,5.911552810354741
7953,10.9125,3.6688311698836964,0.040891150014153194,9.93995671014863,8.574207406530023
7954,10.91388888888889,1.960377823213309,0.02184949373289796,10.485598790998687,9.939758603515974
7955,10.915277777777778,0.991771646160352,0.011053842841237149,10.999242252007576,10.707581788767012
7956,10.916666666666666,1.846480933435283,0.020580049980814273,11.331390022345316,11.18383653835729
7957,10.918055555555556,0.0,0.0,11.636240279467918,11.36152513117683
7958,10.919444444444444,0.0,0.0,11.688710926147682,11.688710926147682
7959,10.920833333333333,0.0,0.0,11.871886901439673,11.871886901439673
7960,10.922222222222222,0.0,0.0,12.003114883902972,12.003114883902972
7961,10.92361111111111,7.00803701892675,0.07810844374579302,12.105095875833253,12.105095875833253
7962,10.925,12.128088305600802,0.13517424360111416,12.539175501662166,11.49653601699544
7963,10.926388888888889,13.993391182685844,0.15596407454095923,12.597380981237553,10.792992147846268
7964,10.927777777777777,16.373160519530952,0.18248791836097888,12.41281398927105,10.330909722491095
7965,10.929166666666667,17.696487942290894,0.1972371334805274,12.318788760579768,9.88282793441054
7966,10.930555555555555,0.0,0.0,12.151364154881522,9.518521745697615
7967,10.931944444444444,0.0,0.0,11.049300075542657,11.049300075542657
7968,10.933333333333334,0.0,0.0,11.571732647481054,11.571732647481054
7969,10.934722222222222,0.0,0.0,11.846543906566492,11.846543906566492
7970,10.936111111111112,0.0,0.0,12.01596550297478,12.01596550297478
7971,10.9375,0.0,0.0,12.131104900081196,12.131104900081196
7972,10.938888888888888,0.0,0.0,12.219651734879735,12.219651734879735
7973,10.940277777777778,0.0,0.0,12.291161748856137,12.291161748856137
7974,10.941666666666666,76.06381781413175,0.8477732664339196,12.35076600996708,12.35076600996708
7975,10.943055555555556,44.63792851419138,0.4975143708378134,16.217857102486313,4.901258803515623
7976,10.944444444444445,13.354892940413265,0.14884765893076127,11.780783002134552,5.139655585579574
7977,10.945833333333333,6.304385894789624,0.07026586327741162,9.757075040799778,7.770165060791677
7978,10.947222222222223,4.154823407199255,0.04630780195630687,10.186034231694695,9.248082328368378
7979,10.948611111111111,3.428489427894472,0.038212408537298646,10.700913853093848,10.082768868347905
7980,10.95,5.02931986600342,0.05605454805281379,11.054191016038821,10.544108315186785
7981,10.95138888888889,1.604691349626847,0.017885171507111206,11.374151954467747,10.625901415957179
7982,10.952777777777778,1.4878987762103966,0.016583453761330476,11.30358342056646,11.064841165452014
7983,10.954166666666667,1.6346134138905657,0.018218669441980646,11.514474259538051,11.293108132465019
7984,10.955555555555556,2.2325720852252013,0.02488324914041998,11.672921215447863,11.42972722505008
7985,10.956944444444444,11.096742316381981,0.1236793228460174,11.809913271447659,11.477756377565125
7986,10.958333333333334,16.52711436630718,0.18420381902587166,12.33662750544301,10.685679934962875
7987,10.959722222222222,18.2399112384352,0.20329388629767242,12.344967053283108,9.886101331059292
7988,10.96111111111111,20.23262419561092,0.2255037729601874,12.100269596604637,9.38657793050077
7989,10.9625,20.969575681589927,0.2337175043560848,11.957173962112275,8.947011086574559
7990,10.963888888888889,0.0,0.0,11.750707815796382,8.630903008360995
7991,10.965277777777779,0.0,0.0,10.492810886438964,10.492810886438964
7992,10.966666666666667,0.0,0.0,11.13717357015727,11.13717357015727
7993,10.968055555555555,0.0,0.0,11.476799796538167,11.476799796538167
7994,10.969444444444445,0.0,0.0,11.685896854987012,11.685896854987012
7995,10.970833333333333,0.0,0.0,11.827185474039982,11.827185474039982
7996,10.972222222222221,0.0,0.0,11.936911643415755,11.936911643415755
7997,10.973611111111111,0.0,0.0,12.030726097154764,12.030726097154764
7998,10.975,72.32549023692587,0.8061075405710374,12.111578100034343,12.111578100034343
7999,10.97638888888889,43.13120779433122,0.4807211361174521,15.811257925450654,5.050839328169137
8000,10.977777777777778,17.29254007473069,0.19273491135978993,11.648360335679158,5.231399331294797
8001,10.979166666666666,11.737653628353245,0.13082263345096287,9.91405851358464,7.341314530725783
8002,10.980555555555556,7.8723985849964295,0.0877422308643603,10.228403818260457,8.482102950098522
8003,10.981944444444444,5.2682137661734325,0.058717152532819825,10.495482702428859,9.324245509819285
8004,10.983333333333333,6.988249847397517,0.07788790478886323,10.721495889938206,9.937703271342931
8005,10.984722222222222,2.0279437747765447,0.02260255358582896,11.089547940785828,10.049852345580662
8006,10.98611111111111,0.9826019813053414,0.010951641861196513,10.952832529241176,10.651119760522109
8007,10.9875,0.4155306021138993,0.004631318095525638,11.178370111355486,11.032180868825257
8008,10.988888888888889,0.10762290856143966,0.00119951676574009,11.36983449304849,11.308012814355697
8009,10.990277777777777,7.905216332898572,0.08810800279292677,11.530463252180082,11.514451365596466
8010,10.991666666666667,11.937938413344266,0.13305491801500835,12.080226369648203,10.904106628663355
8011,10.993055555555555,13.247270031851826,0.1476481421650212,12.10954300474082,10.333444231053322
8012,10.994444444444444,14.804665215384409,0.1650061717750807,11.957792459781698,9.986894366357213
8013,10.995833333333334,15.609182652926648,0.17397296302390905,11.883637020963377,9.681033286259398
8014,10.997222222222222,0.0,0.0,11.764874831626729,9.442576859546575
8015,10.998611111111112,0.0,0.0,10.83945144399792,10.83945144399792
8016,11.0,0.0,0.0,11.33194893501581,11.33194893501581
8017,11.001344086021506,0.0,0.0,11.596796643315226,11.596796643315226
8018,11.00268817204301,0.0,0.0,11.763617434442466,11.763617434442466
8019,11.004032258064516,0.0,0.0,11.878851791724248,11.878851791724248
8020,11.005376344086022,0.0,0.0,11.969402179430636,11.969402179430636
8021,11.006720430107526,0.0,0.0,12.047537070327985,12.047537070327985
8022,11.008064516129032,62.109035746624905,0.692239511808921,12.115469207284551,12.115469207284551
8023,11.009408602150538,37.600452044940646,0.41907780815610046,15.291920469328517,6.051482262578638
8024,11.010752688172044,9.783549786356524,0.10904306670440853,11.745360909500633,6.15125291071373
8025,11.012096774193548,4.944379812609638,0.055107844237700536,9.952770273574531,8.4971964402873
8026,11.013440860215054,2.131705771820085,0.02375903835997299,10.422575104577492,9.686961750097042
8027,11.01478494623656,1.137521055961046,0.012678300523988302,10.798115521304865,10.480965283458096
8028,11.016129032258064,3.068459428850374,0.03419967532096633,11.115403988404658,10.946166245455862
8029,11.01747311827957,0.24420265350712317,0.002721773468450607,11.453521402864036,10.997003129776022
8030,11.018817204301076,0.03378297578161783,0.00037652992646549906,11.40399753622507,11.36766563213848
8031,11.02016129032258,0.0786660721771958,0.0008767768287696621,11.5845593903258,11.57953323758655
8032,11.021505376344086,0.22489809591762727,0.0025066135104703222,11.728553310713702,11.716849555049444
8033,11.022849462365592,9.6580701620248,0.10764452697753665,11.841710990859218,11.8082511740522
8034,11.024193548387096,15.056589691927332,0.16781400922672343,12.413074604305592,10.976169338335582
8035,11.025537634408602,16.4860921814295,0.1837466041151635,12.407709842048764,10.167625368346364
8036,11.026881720430108,18.877926866768046,0.2104049229089209,12.141057661381588,9.688295124626864
8037,11.028225806451612,19.7278100146456,0.2198773400590029,12.021073008899862,9.212458858206132
8038,11.029569892473118,0.0,0.0,11.808262628993322,8.873204835816423
8039,11.030913978494624,0.0,0.0,10.603754152730495,10.603754152730495
8040,11.03225806451613,0.0,0.0,11.196593448090535,11.196593448090535
8041,11.033602150537634,0.0,0.0,11.506241314699043,11.506241314699043
8042,11.03494623655914,0.0,0.0,11.695357874761314,11.695357874761314
8043,11.036290322580646,0.0,0.0,11.822506608215644,11.822506608215644
8044,11.03763440860215,0.0,0.0,11.921647268113174,11.921647268113174
8045,11.038978494623656,0.0,0.0,12.006879882374687,12.006879882374687
8046,11.040322580645162,68.52828375907202,0.7637855768363152,12.080531293292987,12.080531293292987
8047,11.041666666666666,43.43235889272736,0.4840776314619446,15.583827227487914,5.3883481980982655
8048,11.043010752688172,31.08468124454604,0.3464559433388047,11.766876093601333,5.305110527655643
8049,11.044354838709678,26.337690533289,0.29354810967145256,10.633067647472672,6.008360907723401
8050,11.045698924731182,23.41063698878168,0.2609244810426918,10.43402129859032,6.515560820887872
8051,11.047043010752688,21.599869486886966,0.24074247698414108,10.392671881826935,6.909691637889635
8052,11.048387096774194,25.66203101765664,0.2860175111421426,10.3844701665581,7.170891709444678
8053,11.049731182795698,25.869072397803986,0.2883251016914811,10.641782030442577,6.823844607525158
8054,11.051075268817204,25.290418284058845,0.2818756819510221,10.498586006732552,6.64984544774172
8055,11.05241935483871,26.08914435432424,0.29077792521245643,10.352412716646132,6.58976297386048
8056,11.053763440860216,26.76432125601686,0.2983031447428169,10.319908857646364,6.43842650366841
8057,11.05510752688172,29.337136168756928,0.3269785881426394,10.254558986934946,6.27262538035395
8058,11.056451612903226,0.0,0.0,10.292419629682898,5.927708590916907
8059,11.057795698924732,0.0,0.0,8.649240731737603,8.649240731737603
8060,11.059139784946236,0.0,0.0,9.658422868884031,9.658422868884031
8061,11.060483870967742,0.0,0.0,10.237266073268268,10.237266073268268
8062,11.061827956989248,0.0,0.0,10.608833196242728,10.608833196242728
8063,11.063172043010752,0.0,0.0,10.86911093336918,10.86911093336918
8064,11.064516129032258,0.0,0.0,11.071690531853495,11.071690531853495
8065,11.065860215053764,0.0,0.0,11.234543584271272,11.234543584271272
8066,11.067204301075268,0.0,0.0,11.37054704949653,11.37054704949653
8067,11.068548387096774,0.0,0.0,11.487557839384007,11.487557839384007
8068,11.06989247311828,0.0,0.0,11.590889767537682,11.590889767537682
8069,11.071236559139784,0.0,0.0,11.686481300574153,11.686481300574153
8070,11.07258064516129,0.4242176530291725,0.004728140076616767,11.774112985634277,11.774112985634277
8071,11.073924731182796,1.5255426635099136,0.017003015679392035,11.876118859645096,11.813004741676496
8072,11.075268817204302,2.3701170580503597,0.026416263841029512,11.983662782884766,11.756696085616566
8073,11.076612903225806,2.1949281979256843,0.024463687222358425,12.029251799036699,11.676631283287213
8074,11.077956989247312,1.91935563833563,0.02139227882218985,12.003730287147338,11.67717396345997
8075,11.079301075268818,1.7649191776196629,0.01967099915834757,11.997945984165492,11.712388706394018
8076,11.080645161290322,0.03619604548030482,0.0004034249212130347,12.006419960312861,11.743839380777965
8077,11.081989247311828,0.0,0.0,11.932899496918276,11.927514333269079
8078,11.083333333333334,0.0,0.0,12.01416829115093,12.01416829115093
8079,11.084677419354838,0.0,0.0,12.074311054371673,12.074311054371673
8080,11.086021505376344,0.0,0.0,12.121342572221316,12.121342572221316
8081,11.08736559139785,0.015443646071596723,0.00017212796638422815,12.16093383912767,12.16093383912767
8082,11.088709677419354,0.21379797530366712,0.002382896534631658,12.212224954993609,12.20992728516995
8083,11.09005376344086,0.7060641938358126,0.00786947546312893,12.267040847286758,12.235232480665495
8084,11.091397849462366,1.7668496333786126,0.0196925151541456,12.317973796204488,12.21292720395413
8085,11.09274193548387,2.0347003699328683,0.022677859571122057,12.376582588664538,12.113714800401686
8086,11.094086021505376,1.8088370461357661,0.02016048806275272,12.361632510656241,12.058914511389323
8087,11.095430107526882,2.150045101530106,0.02396344032005426,12.329747374509617,12.060632796413694
8088,11.096774193548388,1.6293046605534542,0.01815950045353607,12.345832189234324,12.025953468471961
8089,11.098118279569892,2.1876889888296236,0.02438300223811582,12.306471229900984,12.064067063505084
8090,11.099462365591398,2.932844911784165,0.03268817661615482,12.346866991684388,12.02138770072686
8091,11.100806451612904,3.2069696295550068,0.03574344801947487,12.369442102760726,11.933100242811708
8092,11.102150537634408,4.737338432462296,0.05280025368836199,12.34945689112256,11.872331391803616
8093,11.103494623655914,5.5843258967014275,0.06224039684474699,12.40251416215743,11.697703943750394
8094,11.10483870967742,105.9096290753719,1.1804213194693394,12.376320808282703,11.545497760484432
8095,11.106182795698924,59.721544586743995,0.6656296040057091,17.3374592180335,1.5804703804800926
8096,11.10752688172043,26.896557475504906,0.29977699045498185,11.14111041062106,2.2558775981722823
8097,11.108870967741936,18.21481531356886,0.20301417835229807,8.989173944971057,4.98756654052499
8098,11.11021505376344,15.454746192210683,0.1722516833600668,9.290048211724987,6.580090259084565
8099,11.111559139784946,11.70917940590874,0.13050527251294197,9.761108913705407,7.461787639861831
8100,11.112903225806452,10.019065388948372,0.11166801819176798,9.941149643116537,8.199085103691973
8101,11.114247311827956,3.905312000355021,0.04352685949941169,10.177665808915664,8.687052510817653
8102,11.115591397849462,2.621558920653544,0.02921872229372273,10.122877112322682,9.54185385566521
8103,11.116935483870968,2.3011032646679115,0.02564706699124999,10.451098977429359,10.061069524863443
8104,11.118279569892474,1.8300720594842117,0.020397164016531036,10.729774335227479,10.387421531502463
8105,11.119623655913978,13.461550621095231,0.15003641769860235,10.91965953900477,10.64738566490132
8106,11.120967741935484,19.734566609801927,0.21995264604429604,11.694349032702432,9.691570770474693
8107,11.12231182795699,21.0183196895034,0.23426078324998495,11.712541643988738,8.776478620263987
8108,11.123655913978494,22.464231052956645,0.25037626410270836,11.415773046112704,8.288716218296399
8109,11.125,21.879785571934654,0.24386229637485518,11.25703243152495,7.9148562664686795
8110,11.126344086021506,0.0,0.0,11.01340409845293,7.758180375785712
8111,11.12768817204301,0.0,0.0,9.780837042107644,9.780837042107644
8112,11.129032258064516,0.0,0.0,10.510823996297066,10.510823996297066
8113,11.130376344086022,0.0,0.0,10.915366558148923,10.915366558148923
8114,11.131720430107526,0.0,0.0,11.175000516990657,11.175000516990657
8115,11.133064516129032,0.0,0.0,11.358272398684132,11.358272398684132
8116,11.134408602150538,0.0,0.0,11.502068784837004,11.502068784837004
8117,11.135752688172044,0.0,0.0,11.62106672070173,11.62106672070173
8118,11.137096774193548,52.386295316675294,0.5838741989721503,11.714847297597085,11.714847297597085
8119,11.138440860215054,31.997304204589458,0.35662763035232264,14.422864525042112,6.628953076648812
8120,11.13978494623656,9.083759573737296,0.10124351822762317,11.471535479635936,6.711050813744884
8121,11.141129032258064,2.3044815622460733,0.02568471998389654,9.998952845263158,8.647492175860423
8122,11.14247311827957,0.19111512013600945,0.0021300835840048233,10.256132067660099,9.913276648661158
8123,11.143817204301076,0.2133153613639297,0.0023775175356821505,10.694461838200029,10.666028174132263
8124,11.14516129032258,2.9246404748086294,0.032596733634013206,11.069590089696899,11.037853525257624
8125,11.146505376344086,0.061291970346649495,0.0006831328665874054,11.43054378149503,10.99542255863983
8126,11.147849462365592,0.0,0.0,11.34213568529631,11.333016808183668
8127,11.149193548387096,0.0,0.0,11.509814868115873,11.509814868115873
8128,11.150537634408602,0.0,0.0,11.633362701576843,11.633362701576843
8129,11.151881720430108,8.998819520343515,0.10029681441250993,11.729535057957836,11.729535057957836
8130,11.153225806451612,14.412782696317642,0.16063842462808092,12.259328418081477,10.92050493270886
8131,11.154569892473118,15.818154488832942,0.17630206956904565,12.254117309919666,10.109816946991003
8132,11.155913978494624,17.393406388135812,0.19385912214023698,11.98670722387003,9.633318906988505
8133,11.15725806451613,18.196475983858836,0.20280977639221676,11.827292663100396,9.239542024205774
8134,11.158602150537634,0.0,0.0,11.646978856689643,8.939749386964815
8135,11.15994623655914,0.0,0.0,10.544767345722986,10.544767345722986
8136,11.161290322580646,0.0,0.0,11.098339704958988,11.098339704958988
8137,11.16263440860215,0.0,0.0,11.39122951473613,11.39122951473613
8138,11.163978494623656,0.0,0.0,11.573403516290961,11.573403516290961
8139,11.165322580645162,0.0,0.0,11.69836479707105,11.69836479707105
8140,11.166666666666666,0.0,0.0,11.79469270077647,11.79469270077647
8141,11.168010752688172,0.0,0.0,11.872823671838562,11.872823671838562
8142,11.169354838709678,59.61874781757994,0.6644838772294642,11.938306122098455,11.938306122098455
8143,11.170698924731182,35.723566433301905,0.3981588812414672,14.98651966396616,6.1165807162811054
8144,11.172043010752688,12.352503787578692,0.13767547811263497,11.562349310043924,6.247479997013434
8145,11.173387096774194,6.023021967922722,0.06712990688984898,10.02102357055801,8.183246722541698
8146,11.174731182795698,1.9627908929119962,0.021876388727645496,10.270259794813414,9.374168563586863
8147,11.176075268817204,0.44303959667893095,0.0049379210356475444,10.560697601121412,10.2686781269709
8148,11.17741935483871,2.059313680859475,0.022952188517546913,10.878206729493195,10.812292326427011
8149,11.178763440860216,0.004343525457636579,4.841099054556417e-05,11.229011406467814,10.922631495919441
8150,11.18010752688172,0.0,0.0,11.245938108134109,11.245291888496205
8151,11.181451612903226,0.0,0.0,11.424268512292613,11.424268512292613
8152,11.182795698924732,0.0,0.0,11.553153659299923,11.553153659299923
8153,11.184139784946236,7.460246280460692,0.0831485657614812,11.654460942599096,11.654460942599096
8154,11.185483870967742,12.85152660126716,0.14323736302642534,12.136969154467375,11.027051025276668
8155,11.186827956989248,14.364521302343901,0.1601005247331302,12.214172341642485,10.302152037449229
8156,11.188172043010752,15.820084944591892,0.17632358556484368,12.00137271029741,9.864252565567678
8157,11.189516129032258,16.43783078745576,0.1832087042202128,11.865523414862235,9.511847889252753
8158,11.190860215053764,0.0,0.0,11.70259013915431,9.257007820598517
8159,11.192204301075268,0.0,0.0,10.714907547478829,10.714907547478829
8160,11.193548387096774,0.0,0.0,11.218353499784111,11.218353499784111
8161,11.19489247311828,0.0,0.0,11.482093816877065,11.482093816877065
8162,11.196236559139784,0.0,0.0,11.643886025587209,11.643886025587209
8163,11.19758064516129,0.0,0.0,11.753583759558795,11.753583759558795
8164,11.198924731182796,0.0,0.0,11.840137853130178,11.840137853130178
8165,11.200268817204302,0.0,0.0,11.916532827603804,11.916532827603804
8166,11.201612903225806,57.158381952798685,0.6370617405848769,11.983723005775229,11.983723005775229
8167,11.202956989247312,33.921485982322466,0.3780736991640076,14.911251200699475,6.407359776795906
8168,11.204301075268818,10.617989288162484,0.11834335588810635,11.617307016937076,6.57054705145466
8169,11.205645161290322,3.9101381397523953,0.04358064948890676,10.112704576797416,8.532984770850675
8170,11.206989247311828,0.7422602393161174,0.008272900384341964,10.36157880885871,9.779837530381345
8171,11.208333333333334,0.06949640732218526,0.0007745758487290267,10.724921794036325,10.61449003813677
8172,11.209677419354838,1.6529527436005869,0.018423071402061918,11.077540618536805,11.067201104330344
8173,11.211021505376344,0.0,0.0,11.401432589831641,11.155510116518265
8174,11.21236559139785,0.0,0.0,11.425799079734652,11.425799079734652
8175,11.213709677419354,0.0,0.0,11.581373006596612,11.581373006596612
8176,11.21505376344086,0.0,0.0,11.696173621198868,11.696173621198868
8177,11.216397849462366,7.078498654128411,0.07889377759242107,11.787237360422992,11.787237360422992
8178,11.21774193548387,12.012260960063827,0.13388328385323245,12.22981144326968,11.176688840032515
8179,11.219086021505376,15.516038162557331,0.1729348162266542,12.28150525738769,10.49434894767384
8180,11.220430107526882,19.029950257785323,0.2120993075780156,12.182085969901838,9.873645818945619
8181,11.221774193548388,19.448859157477386,0.2167682786661878,12.07833576363656,9.247103925616198
8182,11.223118279569892,0.0,0.0,11.783658968265339,8.890102836278258
8183,11.224462365591398,0.0,0.0,10.576980336486024,10.576980336486024
8184,11.225806451612904,0.0,0.0,11.147916562520372,11.147916562520372
8185,11.227150537634408,0.0,0.0,11.443108514103395,11.443108514103395
8186,11.228494623655914,0.0,0.0,11.621488751541337,11.621488751541337
8187,11.22983870967742,0.0,0.0,11.740433361903804,11.740433361903804
8188,11.231182795698924,0.0,0.0,11.832740383491766,11.832740383491766
8189,11.23252688172043,0.0,0.0,11.911823921794987,11.911823921794987
8190,11.233870967741936,61.307413992721095,0.6833049945537897,11.980109343451856,11.980109343451856
8191,11.23521505376344,38.015017419175074,0.4236983682537271,15.115918934006839,5.994744151541198
8192,11.236559139784946,15.480324731016765,0.17253677030439069,11.65998324203876,6.00419716892304
8193,11.237903225806452,10.831787263466152,0.12072625242273802,10.103033768585682,7.799906979096672
8194,11.239247311827956,8.144110233068584,0.0907706072729328,10.365394281322304,8.753866108754298
8195,11.240591397849462,6.418765398507388,0.07154068602844482,10.612653475191044,9.400991654121489
8196,11.241935483870968,9.384428058193695,0.10459463457316612,10.798683156004639,9.843714135546858
8197,11.243279569892474,5.239739543728925,0.0583997915947989,11.147788706492445,9.751595277710372
8198,11.244623655913978,4.628267682081643,0.05158459992577337,10.951323006137072,10.171766716279166
8199,11.245967741935484,4.450665752258281,0.04960512831235475,11.100595683209775,10.412012757932322
8200,11.24731182795699,4.211289238148531,0.046937144833399204,11.227959277863427,10.565799555558037
8201,11.248655913978494,15.014602279170177,0.16734603631811631,11.316973194230128,10.690427354191435
8202,11.25,20.708964154131728,0.23081284492335088,11.956550539038382,9.722712855169053
8203,11.251344086021506,22.42031318444054,0.24988677519830318,11.905580520686609,8.824548891525449
8204,11.25268817204301,24.566979988392486,0.2738125625257109,11.602121388535771,8.266479222040529
8205,11.254032258064516,24.3710387288591,0.271628688952211,11.42215516571306,7.767136893729378
8206,11.255376344086022,0.0,0.0,11.13125654057615,7.505389954480127
8207,11.256720430107526,0.0,0.0,9.71168628741659,9.71168628741659
8208,11.258064516129032,0.0,0.0,10.485455094179143,10.485455094179143
8209,11.259408602150538,0.0,0.0,10.896642842842054,10.896642842842054
8210,11.260752688172044,0.0,0.0,11.151764636358276,11.151764636358276
8211,11.262096774193548,0.0,0.0,11.326049401158533,11.326049401158533
8212,11.263440860215054,0.0,0.0,11.46103179475317,11.46103179475317
8213,11.26478494623656,0.0,0.0,11.574000612579937,11.574000612579937
8214,11.266129032258064,77.48945939211602,0.8636628293307635,11.670264346537003,11.670264346537003
8215,11.26747311827957,49.95006014888091,0.5567210122750383,15.642105278242116,4.113403333675017
8216,11.268817204301076,38.096096561050956,0.4246020400772443,11.376468221675601,3.9450141879643223
8217,11.27016129032258,32.27094630842056,0.3596775227566932,10.174872242590741,4.507023402900819
8218,11.271505376344086,26.497435747342077,0.29532855832373944,9.834859805728858,5.033663302649871
8219,11.272849462365592,21.485489983169202,0.23946765423310787,9.628711444597922,5.6864844446570135
8220,11.274193548387096,21.178547517496217,0.23604661090122134,9.541702448230076,6.345141108248121
8221,11.275537634408602,16.67527684580656,0.18585517170337032,9.74026955052462,6.589374398287863
8222,11.276881720430108,14.45911363453243,0.16115480852723357,9.617919990873993,7.137010998779459
8223,11.278225806451612,15.911298979202261,0.17734021636630054,9.725817330378272,7.574623957978635
8224,11.279569892473118,21.90536411074074,0.24414738331917912,10.00284586941233,7.635599731406869
8225,11.280913978494624,27.330427407328827,0.30461271051058875,10.370187316174453,7.111158077861799
8226,11.28225806451613,0.0,0.0,10.474776110891527,6.408618544837075
8227,11.283602150537634,0.0,0.0,8.809236956620042,8.809236956620042
8228,11.28494623655914,0.0,0.0,9.688961977307834,9.688961977307834
8229,11.286290322580646,0.0,0.0,10.20087756312714,10.20087756312714
8230,11.28763440860215,0.0,0.0,10.531853057146625,10.531853057146625
8231,11.288978494623656,0.0,0.0,10.765820601628914,10.765820601628914
8232,11.290322580645162,0.0,0.0,10.948961944230058,10.948961944230058
8233,11.291666666666666,0.0,0.0,11.096346187790605,11.096346187790605
8234,11.293010752688172,0.0,0.0,11.218514924090709,11.218514924090709
8235,11.294354838709678,0.0,0.0,11.322057855588893,11.322057855588893
8236,11.295698924731182,0.055017989130063324,0.0006132058802438128,11.413010818385795,11.413010818385795
8237,11.297043010752688,0.5439059100840471,0.006062131816094535,11.500854186417925,11.492668737671144
8238,11.298387096774194,1.6674311617927087,0.01858444137054713,11.603307188399306,11.522386129297358
8239,11.299731182795698,3.2827400180937785,0.036587950854547496,11.716656215349634,11.468579676576578
8240,11.301075268817204,2.4391308514328074,0.02718546069080903,11.810259013545888,11.321860571654623
8241,11.30241935483871,1.385102007046331,0.015437726985085458,11.727698944574827,11.36481071680087
8242,11.303763440860216,0.06708333762349826,0.0007476808539814909,11.693684603523975,11.487612341214664
8243,11.30510752688172,0.0,0.0,11.68546624949641,11.675485746199895
8244,11.306451612903226,0.0,0.0,11.766572798612339,11.766572798612339
8245,11.307795698924732,0.0,0.0,11.818117727944571,11.818117727944571
8246,11.309139784946236,0.0,0.0,11.861681209901677,11.861681209901677
8247,11.310483870967742,0.0,0.0,11.901415674170659,11.901415674170659
8248,11.311827956989248,0.4990228136884691,0.005561884913790372,11.93730585775576,11.93730585775576
8249,11.313172043010752,1.5424341514007225,0.017191280642624783,11.995237644534697,11.920994188357753
8250,11.314516129032258,2.1563190827466925,0.024033367306397855,12.073951189314243,11.844471415676418
8251,11.315860215053764,3.309283784779335,0.03688379579677038,12.095555973986505,11.774743824858282
8252,11.317204301075268,4.684250899091181,0.05220856380391619,12.1322624176452,11.639914855744522
8253,11.318548387096774,5.957869086058174,0.06640374203166552,12.151168671403648,11.454256693015434
8254,11.31989247311828,6.515770800394604,0.07262186481729574,12.137845243872412,11.251447307214418
8255,11.321236559139784,6.854083172150521,0.07639254308090025,12.071402338790545,11.102001079752911
8256,11.32258064516129,7.1870867905693245,0.08010405235606016,12.006804262910636,10.9870696742985
8257,11.323924731182796,7.008519632866488,0.07811382274474253,11.953701262444985,10.884423168260227
8258,11.325268817204302,7.724236105497048,0.08609087818686159,11.880903859274087,10.83819257242537
8259,11.326612903225806,7.592965113888476,0.08462779047259567,11.875710088069807,10.726516165330949
8260,11.327956989247312,9.584230229244978,0.10682154013826207,11.810241337751952,10.680577608514186
8261,11.329301075268818,9.197656463515322,0.10251296197970686,11.879103214246747,10.4531836821211
8262,11.330645161290322,112.58466247587985,1.2548182539399726,11.761534958960517,10.393128974608306
8263,11.331989247311828,65.810202050471,0.7334910547526912,16.9006521401765,0.15056732352898652
8264,11.333333333333334,31.36845824111163,0.34961879472111485,10.56632212119176,0.7752329807658868
8265,11.334677419354838,18.325816519708464,0.20425134811068474,8.289275424036063,3.6223490012770787
8266,11.336021505376344,11.017593630265049,0.12279716701829825,8.39761443957509,5.671141985077125
8267,11.33736559139785,8.690911826791057,0.0968650130827244,8.814228621035454,7.175056608401565
8268,11.338709677419354,9.410489210939515,0.10488510051643951,9.335032161677082,8.042018468413643
8269,11.34005376344086,5.138390616384073,0.05727020181540241,9.799994210265641,8.399923463656146
8270,11.341397849462366,3.8729768663926154,0.04316646656979471,9.825487771326792,9.06100993968664
8271,11.34274193548387,3.89614233550001,0.04342465851937105,10.093380674485822,9.517168164021633
8272,11.344086021505376,4.586280269324489,0.05111662701716625,10.363605039344453,9.783946024144777
8273,11.345430107526882,14.407956556920267,0.16058463463858583,10.588182411923114,9.90584627647873
8274,11.346774193548388,20.350864610846582,0.22682162770281664,11.218949577894946,9.075367236786176
8275,11.348118279569892,21.921290370752075,0.24432489028451285,11.261228594112122,8.233474183987026
8276,11.349462365591398,24.07374854198087,0.26831522559931464,11.015479604238587,7.754080893920287
8277,11.350806451612904,24.88453996073969,0.2773519438344866,10.906238815908058,7.324602373917449
8278,11.352150537634408,0.0,0.0,10.715918472317474,7.013654364584831
8279,11.353494623655914,0.0,0.0,9.269393418292239,9.269393418292239
8280,11.35483870967742,0.0,0.0,10.073468703472894,10.073468703472894
8281,11.356182795698924,0.0,0.0,10.51390672129768,10.51390672129768
8282,11.35752688172043,0.0,0.0,10.794837845276879,10.794837845276879
8283,11.358870967741936,0.0,0.0,10.992659129303224,10.992659129303224
8284,11.36021505376344,0.0,0.0,11.149232732932028,11.149232732932028
8285,11.361559139784946,0.0,0.0,11.279727951418675,11.279727951418675
8286,11.362903225806452,82.08104841477763,0.9148386253363745,11.384291884258007,11.384291884258007
8287,11.364247311827956,49.361271142401286,0.5501586335566396,15.591045525092209,3.3792176210788414
8288,11.365591397849462,19.08448563297565,0.21270713445930992,10.893200518033233,3.549345146348907
8289,11.366935483870968,8.946697214851877,0.09971588252596317,8.86555889189558,6.026213407310426
8290,11.368279569892474,5.53558188878795,0.06169711795084677,9.066028320924971,7.7349594712071985
8291,11.369623655913978,3.9579169197863977,0.04411317038490797,9.589308652857126,8.765737625439774
8292,11.370967741935484,5.14997335093777,0.057399297790190575,9.991069960209785,9.402220265715478
8293,11.37231182795699,1.3508364173249758,0.015055818059670455,10.386340413416121,9.620139329408227
8294,11.373655913978494,0.8411960969622839,0.009375595168990926,10.369962480742497,10.168988173354427
8295,11.375,0.9290318339944904,0.010354572977801225,10.622765053673854,10.497613850466491
8296,11.376344086021506,1.528438347148338,0.017035289673089076,10.837259339964257,10.69904013963484
8297,11.37768817204301,9.47081595340669,0.1055574753851279,11.019826532284156,10.792429021924022
8298,11.379032258064516,15.329266567878959,0.17085314363319493,11.516465318962869,10.10741929960471
8299,11.380376344086022,17.179125798892407,0.1914708466066558,11.594504190507394,9.313851483981036
8300,11.381720430107526,19.47733337992189,0.2170856396042087,11.380901919214399,8.825031449123028
8301,11.383064516129032,20.739851446274923,0.23115710085611935,11.274600200957808,8.376807740233359
8302,11.384408602150538,0.0,0.0,11.104188502343911,8.018561533535435
8303,11.385752688172044,0.0,0.0,9.852620829516885,9.852620829516885
8304,11.387096774193548,0.0,0.0,10.492631575309066,10.492631575309066
8305,11.388440860215054,0.0,0.0,10.836096226504022,10.836096226504022
8306,11.38978494623656,0.0,0.0,11.05225287112896,11.05225287112896
8307,11.391129032258064,0.0,0.0,11.201862091799988,11.201862091799988
8308,11.39247311827957,0.0,0.0,11.31790915322446,11.31790915322446
8309,11.393817204301076,0.0,0.0,11.412757589435678,11.412757589435678
8310,11.39516129032258,73.99678231023648,0.8247350139331806,11.492926431504394,11.492926431504394
8311,11.396505376344086,44.89226606043299,0.5003491032842037,15.275236154545475,4.266166601034988
8312,11.397849462365592,18.367803932465613,0.2047193210192918,11.05144941327102,4.372482246807678
8313,11.399193548387096,12.005021750967764,0.13380259886898982,9.240589279649356,6.507870035318323
8314,11.400537634408602,9.03115465430592,0.10065720734212691,9.516949948997615,7.730870672013604
8315,11.401881720430108,7.1909477020872234,0.08014708434765622,9.859907311413682,8.516273079847782
8316,11.403225806451612,8.987236785789817,0.10016771843772175,10.103372442486132,9.033519930845458
8317,11.404569892473118,4.262446315760695,0.04750731872204696,10.430209865101192,9.093109632096319
8318,11.405913978494624,3.783693287541197,0.042171351764135896,10.276695245704378,9.64253837437482
8319,11.40725806451613,6.113753388593352,0.0681411586923563,10.503296796245257,9.94036768944909
8320,11.408602150537634,5.975725801828456,0.06660276499279726,10.801641737825026,9.892051696384486
8321,11.40994623655914,17.169473520097654,0.1913632666276656,10.83586889970786,9.94681428231626
8322,11.411290322580646,24.319881651246938,0.27105851506356327,11.476257286695022,8.921822860243438
8323,11.41263440860215,26.07032241067448,0.2905681442534256,11.477771295895115,7.859515741089959
8324,11.413978494623656,28.005604309021443,0.3121379300409492,11.112031060093097,7.233348991212726
8325,11.415322580645162,27.338631844304363,0.3047041534927304,10.88449821136355,6.7178893927060574
8326,11.416666666666666,0.0,0.0,10.55113094506158,6.483752741913308
8327,11.418010752688172,0.0,0.0,8.983934498089393,8.983934498089393
8328,11.419354838709678,0.0,0.0,9.866658320498011,9.866658320498011
8329,11.420698924731182,0.0,0.0,10.337812983248716,10.337812983248716
8330,11.422043010752688,0.0,0.0,10.630894443792643,10.630894443792643
8331,11.423387096774194,0.0,0.0,10.831479240294232,10.831479240294232
8332,11.424731182795698,0.0,0.0,10.988179374951262,10.988179374951262
8333,11.426075268817204,0.0,0.0,11.121672749496717,11.121672749496717
8334,11.42741935483871,74.9209880048336,0.8350357969214868,11.236762560529858,11.236762560529858
8335,11.428763440860216,47.968929926258895,0.5346402215873116,15.09667114704061,3.9501004150205987
8336,11.43010752688172,21.59166504991143,0.24065103400199944,10.974569636357947,3.8378635597127717
8337,11.431451612903226,16.1854236969731,0.18039548776962055,9.09460487322676,5.882247053207157
8338,11.432795698924732,12.813400100027906,0.14281242210941428,9.36885494640497,6.960825169029583
8339,11.434139784946236,10.784973711311622,0.12020448952463579,9.622294637009547,7.715946705193447
8340,11.435483870967742,13.433076398650723,0.14971905676058142,9.827456309379404,8.222892948464361
8341,11.436827956989248,8.567362658218281,0.09548798935165055,10.180869354670332,8.182327421179963
8342,11.438172043010752,7.6788703951617325,0.08558525228560793,9.97003887099486,8.695406536320684
8343,11.439516129032258,6.914409914617695,0.07706491794958864,10.145362713627172,9.00291819599531
8344,11.440860215053764,6.130162262544425,0.06832404465663956,10.277591711848403,9.248881850487603
8345,11.442204301075268,16.354821189820928,0.18228351640089757,10.383421759930384,9.471390444302207
8346,11.443548387096774,21.29003133757556,0.2372891596585575,11.048855229478612,8.615622886224978
8347,11.44489247311828,22.496083572979312,0.2507312780333758,11.019917024938021,7.8524355686617335
8348,11.446236559139784,23.17512138618983,0.2582995295553323,10.763261472579234,7.41634636351167
8349,11.44758064516129,22.112405490888083,0.24645497386851764,10.581309508356421,7.133368729229902
8350,11.448924731182796,0.0,0.0,10.35321900303473,7.063386628648665
8351,11.450268817204302,0.0,0.0,9.151278215545933,9.151278215545933
8352,11.451612903225806,0.0,0.0,9.911811878155914,9.911811878155914
8353,11.452956989247312,0.0,0.0,10.328612874501893,10.328612874501893
8354,11.454301075268818,0.0,0.0,10.59527715381488,10.59527715381488
8355,11.455645161290322,0.0,0.0,10.782951368070727,10.782951368070727
8356,11.456989247311828,0.0,0.0,10.931547703902485,10.931547703902485
8357,11.458333333333334,0.0,0.0,11.058285097019796,11.058285097019796
8358,11.459677419354838,64.06265697468189,0.7140136995565257,11.167542846445006,11.167542846445006
8359,11.461021505376344,39.391432375306124,0.43903927325772135,14.47819792388976,4.947104484447166
8360,11.46236559139785,15.535342720146827,0.17314997618463449,10.881514784607983,5.0209488884587605
8361,11.463709677419354,8.310612042277986,0.09262636191051277,9.279539637451997,6.9682273992162065
8362,11.46505376344086,2.930431842085478,0.03266128162140729,9.477655060660833,8.241221486804967
8363,11.466397849462366,0.8793225982015384,0.009800536086001989,9.729672414238768,9.293689565199697
8364,11.46774193548387,2.489322701165497,0.027744876581557772,10.08761983413542,9.956796258550904
8365,11.469086021505376,0.8025869817832921,0.008945275253030356,10.500399275745904,10.13004362104506
8366,11.470430107526882,1.124007865648399,0.012527688553402104,10.574529320437824,10.455122291789607
8367,11.471774193548388,1.0265198498214447,0.011441130765601664,10.782543725123556,10.61531644327046
8368,11.473118279569892,0.9864628928232406,0.010994673852792571,10.907139723120734,10.754416482029479
8369,11.474462365591398,11.443259125113434,0.12754144409176355,11.014663982935792,10.867900322949648
8370,11.475806451612904,16.663211497313124,0.18572069672963262,11.649549839922447,9.94704830277399
8371,11.477150537634408,17.961925609146462,0.20019558290275632,11.606184342171872,9.127070404627071
8372,11.478494623655914,19.612465283048365,0.21859175931007074,11.327563840170702,8.655230230892677
8373,11.47983870967742,20.383199744808984,0.22718202063243356,11.174342538236617,8.256445466555162
8374,11.481182795698924,0.0,0.0,10.990150480519683,7.957585324201304
8375,11.48252688172043,0.0,0.0,9.776566015537554,9.776566015537554
8376,11.483870967741936,0.0,0.0,10.40985656869551,10.40985656869551
8377,11.48521505376344,0.0,0.0,10.744678676788467,10.744678676788467
8378,11.486559139784946,0.0,0.0,10.952020817226881,10.952020817226881
8379,11.487903225806452,0.0,0.0,11.094612235109986,11.094612235109986
8380,11.489247311827956,0.0,0.0,11.208425464526691,11.208425464526691
8381,11.490591397849462,0.0,0.0,11.308362643534226,11.308362643534226
8382,11.491935483870968,56.095666057496935,0.6252171848980622,11.395972686289499,11.395972686289499
8383,11.493279569892474,35.7544537254451,0.3985031371742357,14.288998386202184,5.94321536703907
8384,11.494623655913978,24.9646538747361,0.27824485766010476,11.198747577752048,5.879282925074241
8385,11.495967741935484,21.002876043431804,0.23408865528360073,10.25085043103848,6.536667161095609
8386,11.49731182795699,16.997180343611404,0.18944296400269156,10.123523879884122,6.998764721891472
8387,11.498655913978494,14.772812695361738,0.1646511578444132,10.039708090584675,7.510907043103274
8388,11.5,18.209989174171486,0.202960388362803,10.078901800630382,7.881037009937697
8389,11.501344086021506,18.819530580059816,0.20975406403603047,10.374186056354324,7.6649461255337945
8390,11.50268817204301,18.810360915204807,0.20965186305598985,10.329580266546026,7.529654179873002
8391,11.504032258064516,20.442561259396687,0.22784363750322298,10.256612590992209,7.458050745776981
8392,11.505376344086022,22.746560207703023,0.25352297848817,10.285242221525502,7.243845396822438
8393,11.506720430107526,26.294255278712633,0.29306399976599695,10.294478072486509,6.910297630966495
8394,11.508064516129032,0.0,0.0,10.326707822303764,6.414709540980353
8395,11.509408602150538,0.0,0.0,8.776298274445761,8.776298274445761
8396,11.510752688172044,0.0,0.0,9.635774811001303,9.635774811001303
8397,11.512096774193548,0.0,0.0,10.124729147868724,10.124729147868724
8398,11.513440860215054,0.0,0.0,10.437617610917082,10.437617610917082
8399,11.51478494623656,0.0,0.0,10.655918963506231,10.655918963506231
8400,11.516129032258064,0.0,0.0,10.825517455693163,10.825517455693163
8401,11.51747311827957,0.0,0.0,10.961366029182045,10.961366029182045
8402,11.518817204301076,0.0,0.0,11.074990974420373,11.074990974420373
8403,11.52016129032258,0.0,0.0,11.173448869009135,11.173448869009135
8404,11.521505376344086,0.0,0.0,11.262217621463623,11.262217621463623
8405,11.522849462365592,0.0,0.0,11.347385756863503,11.347385756863503
8406,11.524193548387096,0.0,0.0,11.427329250983545,11.427329250983545
8407,11.525537634408602,0.0,0.0,11.502460657677373,11.502460657677373
8408,11.526881720430108,0.0,0.0,11.567202488206018,11.567202488206018
8409,11.528225806451612,0.0,0.0,11.61944059034736,11.61944059034736
8410,11.529569892473118,0.0,0.0,11.662377805164239,11.662377805164239
8411,11.530913978494624,0.0,0.0,11.700551145559125,11.700551145559125
8412,11.532258064516128,0.0,0.0,11.728251495178641,11.728251495178641
8413,11.533602150537634,0.0,0.0,11.746643958069802,11.746643958069802
8414,11.53494623655914,0.0,0.0,11.770053420532115,11.770053420532115
8415,11.536290322580646,0.0,0.0,11.796407996492212,11.796407996492212
8416,11.53763440860215,0.0,0.0,11.822955085666836,11.822955085666836
8417,11.538978494623656,0.0,0.0,11.849123512131882,11.849123512131882
8418,11.540322580645162,0.0,0.0,11.890256645018777,11.890256645018777
8419,11.541666666666666,0.0,0.0,11.92854732854322,11.92854732854322
8420,11.543010752688172,0.0,0.0,11.957758330739347,11.957758330739347
8421,11.544354838709678,0.0,0.0,11.982118284903917,11.982118284903917
8422,11.545698924731182,0.0,0.0,12.003583933879195,12.003583933879195
8423,11.547043010752688,0.0,0.0,12.021952824657056,12.021952824657056
8424,11.548387096774194,0.0,0.0,12.037483040307201,12.037483040307201
8425,11.549731182795698,0.0,0.0,12.051032376063194,12.051032376063194
8426,11.551075268817204,0.0019304557589495904,2.151599579802852e-05,12.063506149287942,12.063506149287942
8427,11.55241935483871,0.3759562590554328,0.004190240181666054,12.075154928536906,12.074867719808948
8428,11.553763440860216,1.0771943134938713,0.01200592565529991,12.107230035099326,12.051296135329656
8429,11.55510752688172,1.3508364173249758,0.015055818059670455,12.146779337841084,11.986516867640951
8430,11.556451612903226,93.21784768815783,1.0389644050952012,12.145554580356116,11.944580272968045
8431,11.557795698924732,56.04595682170398,0.6246631480062629,16.74134454611268,2.87260949051406
8432,11.559139784946236,23.61140438771244,0.2631621446056868,11.362097839106015,3.0237104446877994
8433,11.560483870967742,11.593352060371766,0.12921431276506026,9.106232350663431,5.593382399018577
8434,11.561827956989248,5.920225198758655,0.06598418011360395,9.178299475737006,7.4534674599898745
8435,11.563172043010752,3.3932586102936426,0.03781974161398463,9.60344478088159,8.722647414418763
8436,11.564516129032258,4.581936743866852,0.051068216026620684,10.022342197871195,9.517501056304377
8437,11.565860215053764,2.7185643225407605,0.030299901082573657,10.471831535030704,9.790141619224224
8438,11.567204301075268,3.2537831817095344,0.03626521091757706,10.576631937741299,10.172170246595533
8439,11.568548387096774,3.242200447155837,0.0361361149427889,10.817705207904579,10.333614896932671
8440,11.56989247311828,2.916918651772831,0.03251066965082109,10.946694787210927,10.464327728606763
8441,11.571236559139784,13.288292216729504,0.14810535707572928,11.03291888626544,10.59894649832207
8442,11.57258064516129,18.403034750066446,0.20511198794260588,11.661557539009321,9.684556260115743
8443,11.573924731182796,18.589323730805077,0.20718828153711558,11.608681563446243,8.870720759829991
8444,11.575268817204302,20.0323394106199,0.22327148839614194,11.279653553716333,8.51397710785221
8445,11.576612903225806,20.550184167958125,0.22904315426896305,11.166586928051462,8.18622195803931
8446,11.577956989247312,0.0,0.0,11.002073698774119,7.94466498748744
8447,11.579301075268818,0.0,0.0,9.806347536114089,9.806347536114089
8448,11.580645161290322,0.0,0.0,10.466027268654626,10.466027268654626
8449,11.581989247311828,0.0,0.0,10.826037155626462,10.826037155626462
8450,11.583333333333334,0.0,0.0,11.054800623877595,11.054800623877595
8451,11.584677419354838,0.0,0.0,11.215828024483402,11.215828024483402
8452,11.586021505376344,0.0,0.0,11.343180431975739,11.343180431975739
8453,11.58736559139785,0.0,0.0,11.449201394452263,11.449201394452263
8454,11.588709677419354,52.640150248977164,0.586703552419591,11.53279279625627,11.53279279625627
8455,11.59005376344086,32.96832345134111,0.36745017623873105,14.244748259021435,6.413068862901758
8456,11.591397849462366,11.601073883407564,0.12930037674825237,11.311389236337824,6.406438580284288
8457,11.592741935483872,6.807269619995993,0.07587078018279805,9.87533804121572,8.14935719055676
8458,11.594086021505376,3.7846585154206713,0.0421821097620349,10.145635750273778,9.132865973314603
8459,11.595430107526882,1.5863520199168257,0.01768076954702993,10.4075725107848,9.844499799624655
8460,11.596774193548388,3.9328209949200525,0.043833462439533594,10.622464921885616,10.386451149686764
8461,11.598118279569892,0.40973923483705055,0.004566770108131553,11.009848030791742,10.42473204976088
8462,11.599462365591398,0.15636691647491682,0.00174279565964031,10.918152000422076,10.857191947913154
8463,11.600806451612904,0.026543766685556868,0.0002958449422228921,11.11381585415015,11.090551947185615
8464,11.602150537634408,0.028956836384243855,0.00032273993697042773,11.257694561733706,11.253745441724293
8465,11.603494623655914,9.582299773486028,0.10680002414246403,11.374811428111649,11.37050329719229
8466,11.60483870967742,14.893466180296087,0.16599590758178998,11.945201327508098,10.519569004110409
8467,11.606182795698924,16.426248052902064,0.18307960824542466,11.921892609203674,9.706077273013662
8468,11.60752688172043,18.10912286076637,0.201836177582356,11.658057909287546,9.214198843099494
8469,11.608870967741936,18.92474041892257,0.21092668580702306,11.49736002714772,8.803126752362955
8470,11.61021505376344,0.0,0.0,11.309852523847136,8.494273561500442
8471,11.611559139784946,0.0,0.0,10.166304289600406,10.166304289600406
8472,11.612903225806452,0.0,0.0,10.74513661819945,10.74513661819945
8473,11.614247311827956,0.0,0.0,11.051864862487848,11.051864862487848
8474,11.615591397849462,0.0,0.0,11.242570307801724,11.242570307801724
8475,11.616935483870968,0.0,0.0,11.373509560965996,11.373509560965996
8476,11.618279569892474,0.0,0.0,11.47433461198192,11.47433461198192
8477,11.619623655913978,0.0,0.0,11.556042677334839,11.556042677334839
8478,11.620967741935484,57.492350799096954,0.6407840078579357,11.624421732405047,11.624421732405047
8479,11.62231182795699,35.43158499976078,0.3949045868770154,14.568436082635047,6.014857548794881
8480,11.623655913978494,12.46205715189908,0.1388965108741731,11.319743978212536,6.048314985285577
8481,11.625,5.5669517948708815,0.06204675288256474,9.77779462820727,7.923718684879386
8482,11.626344086021506,1.0168675710266968,0.011333550786611522,9.97645513923264,9.148216969985983
8483,11.62768817204301,0.8788399842618011,0.009795157087052484,10.25298732221148,10.10170012476001
8484,11.629032258064516,4.333390564902094,0.04829803156762452,10.66669678382221,10.535945010419683
8485,11.630376344086022,0.8127218745177777,0.009058234230970007,11.074051910923249,10.429340118841262
8486,11.631720430107526,0.5728627464682909,0.006384871753064962,10.927173298109478,10.806258423639486
8487,11.633064516129032,0.28377699656558975,0.0031628513823101917,11.096489275211093,11.011260085189786
8488,11.634408602150538,0.48599223731555935,0.005416651942153679,11.217227929678344,11.175008246668632
8489,11.635752688172044,11.08998572122566,0.12360401686072432,11.341012573292975,11.268707776029743
8490,11.637096774193548,16.45858318686447,0.1834400011750416,11.976189779806832,10.326247439874548
8491,11.638440860215054,16.702785840371593,0.18616177464349223,11.928398812216436,9.479728999835102
8492,11.63978494623656,18.490387873158916,0.20608558675246666,11.578671107667047,9.093669391199123
8493,11.641129032258064,20.357621206002907,0.22689693368810976,11.455792913503089,8.704835914946772
8494,11.64247311827957,0.0,0.0,11.330773083431492,8.302013442758545
8495,11.643817204301076,0.0,0.0,10.077006117373548,10.077006117373548
8496,11.64516129032258,0.0,0.0,10.683723985382763,10.683723985382763
8497,11.646505376344086,0.0,0.0,11.001270144043241,11.001270144043241
8498,11.647849462365592,0.0,0.0,11.19694613758817,11.19694613758817
8499,11.649193548387096,0.0,0.0,11.329389662297212,11.329389662297212
8500,11.650537634408602,0.0,0.0,11.432520487389406,11.432520487389406
8501,11.651881720430108,0.0,0.0,11.52135619521743,11.52135619521743
8502,11.653225806451612,59.6621830721563,0.6649679871349199,11.59817417357643,11.59817417357643
8503,11.654569892473118,36.3958476513561,0.4056518267781306,14.659566503770055,5.7831653597059605
8504,11.655913978494624,11.800393440519107,0.1315219033143988,11.276152828393826,5.861263075852232
8505,11.657258064516128,3.6640050304863223,0.040837360024658126,9.658564442405508,7.9029292905849635
8506,11.658602150537634,0.9324101315726521,0.010392225970447772,9.853729364821358,9.30860719915854
8507,11.65994623655914,0.016408873951071518,0.0001828859642832424,10.300305308875437,10.161583493272095
8508,11.661290322580646,0.8744964588041644,0.009746746096506918,10.657483620450474,10.655042346262837
8509,11.66263440860215,0.0,0.0,10.964637347311006,10.834531793546383
8510,11.663978494623656,0.0,0.0,11.068453955649794,11.068453955649794
8511,11.665322580645162,0.0,0.0,11.219509846036917,11.219509846036917
8512,11.666666666666666,0.0,0.0,11.334689518178722,11.334689518178722
8513,11.668010752688172,5.230087264934178,0.05829221161580876,11.427981962127403,11.427981962127403
8514,11.669354838709678,10.270507251551557,0.11447047664446121,11.781092358987152,11.002972112769033
8515,11.670698924731182,11.780606268989873,0.131301364357469,11.912266019858237,10.384243784943795
8516,11.672043010752688,13.75111898493767,0.15326381706830663,11.754466467589923,10.00177520523094
8517,11.673387096774194,14.681116046811635,0.16362914804400688,11.680786736045754,9.63492716462443
8518,11.674731182795698,0.0,0.0,11.539554216303731,9.355331840189013
8519,11.676075268817204,0.0,0.0,10.636432973513738,10.636432973513738
8520,11.67741935483871,0.0,0.0,11.075542720715921,11.075542720715921
8521,11.678763440860216,0.0,0.0,11.306088576788392,11.306088576788392
8522,11.68010752688172,0.0,0.0,11.44792201878034,11.44792201878034
8523,11.681451612903226,0.0,0.0,11.544248476152424,11.544248476152424
8524,11.682795698924732,0.0,0.0,11.620720604854402,11.620720604854402
8525,11.684139784946236,0.0,0.0,11.688287078234373,11.688287078234373
8526,11.685483870967742,57.38086697901762,0.6395414591005996,11.747797106180167,11.747797106180167
8527,11.686827956989248,35.73273609815691,0.3982610822215078,14.679455103661704,6.142462873861065
8528,11.688172043010752,13.556625567223499,0.15109608049165527,11.449924181220977,6.133690626732691
8529,11.689516129032258,9.162425645914492,0.10212029505639283,9.930378427383584,7.913455135303951
8530,11.690860215053764,6.605054379246023,0.07361697962295456,10.209062994094868,8.845898569027876
8531,11.692204301075268,4.726238311848335,0.05267653671252332,10.459318714863791,9.476634052158136
8532,11.693548387096774,7.066433305634975,0.07875930261868339,10.636024722513929,9.932865954292646
8533,11.69489247311828,2.81701756624719,0.03139721686827312,10.962996623952593,9.911669075265161
8534,11.696236559139784,2.3035163343665985,0.025673961985997525,10.79283429020827,10.373724953936685
8535,11.69758064516129,1.566082234447855,0.017454851591150632,10.971917470153487,10.629205655518525
8536,11.698924731182796,0.9594365121979465,0.010693449911620174,11.085820188316688,10.852822107761387
8537,11.700268817204302,11.420576269945776,0.1272886311411367,11.190357517024877,11.047614779230134
8538,11.701612903225806,16.62363715425466,0.18527961881577307,11.849558535100561,10.150431700505601
8539,11.702956989247312,17.86588543513872,0.1991251621118044,11.813168454830878,9.3399422962092
8540,11.704301075268818,18.163175622016958,0.20243862546470082,11.532773348815816,8.874728373753662
8541,11.705645161290322,17.188295463747416,0.1915730475866964,11.310319293486673,8.608044174319106
8542,11.706989247311828,0.0,0.0,11.08743620013857,8.530201488589402
8543,11.708333333333334,0.0,0.0,10.128141360635626,10.128141360635626
8544,11.709677419354838,0.0,0.0,10.697245309777815,10.697245309777815
8545,11.711021505376344,0.0,0.0,11.00199431816477,11.00199431816477
8546,11.71236559139785,0.0,0.0,11.192635387055866,11.192635387055866
8547,11.713709677419354,0.0,0.0,11.32368591835864,11.32368591835864
8548,11.71505376344086,0.0,0.0,11.42618856616362,11.42618856616362
8549,11.716397849462366,0.0,0.0,11.514831619015776,11.514831619015776
8550,11.717741935483872,45.67265280098836,0.5090469445855567,11.591494510695384,11.591494510695384
8551,11.719086021505376,30.565388645388598,0.34066814046913496,13.951039650784221,7.155968356044169
8552,11.720430107526882,21.576221403839835,0.24047890603561523,11.511800321069787,6.964352729141011
8553,11.721774193548388,17.175747501314245,0.19143319361400923,10.678203399155432,7.468143248959486
8554,11.723118279569892,13.638187323039118,0.15200513131412197,10.494779262439483,7.939411407622038
8555,11.724462365591398,11.501172797881921,0.12818692396570439,10.442909310427272,8.413851449591446
8556,11.725806451612904,14.403613031462632,0.16053622364804027,10.483967404803195,8.772849605816022
8557,11.727150537634408,14.087983514874374,0.1570183583350626,10.756942261791245,8.61400614032038
8558,11.728494623655914,13.398328194989631,0.1493317688362169,10.693605072246651,8.597627577796793
8559,11.72983870967742,13.778145365562963,0.15356504100947904,10.642537311550347,8.649165135163209
8560,11.731182795698924,14.632854652837896,0.16309124814905618,10.672582978433566,8.622702484820842
8561,11.73252688172043,17.39485422995502,0.19387525913708545,10.701483684470446,8.524441526554659
8562,11.733870967741936,0.0,0.0,10.808639524067054,8.220673478626464
8563,11.73521505376344,0.0,0.0,9.810994027371388,9.810994027371388
8564,11.736559139784946,0.0,0.0,10.402991627766761,10.402991627766761
8565,11.737903225806452,0.0,0.0,10.746857314591324,10.746857314591324
8566,11.739247311827956,0.0,0.0,10.97022450696943,10.97022450696943
8567,11.740591397849462,0.0,0.0,11.128153587383233,11.128153587383233
8568,11.741935483870968,0.0,0.0,11.25135305064968,11.25135305064968
8569,11.743279569892474,0.0,0.0,11.35069912700215,11.35069912700215
8570,11.744623655913978,0.0,0.0,11.434289638412118,11.434289638412118
8571,11.745967741935484,0.0,0.0,11.50674553354556,11.50674553354556
8572,11.74731182795699,0.0,0.0,11.571633655024705,11.571633655024705
8573,11.748655913978494,0.0,0.0,11.632865190173632,11.632865190173632
8574,11.75,0.0,0.0,11.690151276907606,11.690151276907606
8575,11.751344086021506,0.0,0.0,11.744076993957346,11.744076993957346
8576,11.75268817204301,0.0,0.0,11.791353582968556,11.791353582968556
8577,11.754032258064516,0.0,0.0,11.8305740123359,11.8305740123359
8578,11.755376344086022,0.0,0.0,11.863461832511653,11.863461832511653
8579,11.756720430107526,0.0,0.0,11.892930119662207,11.892930119662207
8580,11.758064516129032,0.0,0.0,11.91340270376094,11.91340270376094
8581,11.759408602150538,0.0,0.0,11.925818553174913,11.925818553174913
8582,11.760752688172044,0.0,0.0,11.943051017569248,11.943051017569248
8583,11.762096774193548,0.0,0.0,11.96305878105427,11.96305878105427
8584,11.763440860215054,0.0,0.0,11.982864820451534,11.982864820451534
8585,11.76478494623656,0.0,0.0,12.00219590273061,12.00219590273061
8586,11.766129032258064,0.0,0.0,12.035030767789602,12.035030767789602
8587,11.76747311827957,0.0,0.0,12.065813055592601,12.065813055592601
8588,11.768817204301076,0.0,0.0,12.088991001753662,12.088991001753662
8589,11.77016129032258,0.0,0.0,12.108637044391406,12.108637044391406
8590,11.771505376344086,0.0,0.0,12.126715950552455,12.126715950552455
8591,11.772849462365592,0.0,0.0,12.142236273698039,12.142236273698039
8592,11.774193548387096,0.0,0.0,12.155284127773491,12.155284127773491
8593,11.775537634408602,0.0,0.0,12.165920319233974,12.165920319233974
8594,11.776881720430108,0.0,0.0,12.175394637993746,12.175394637993746
8595,11.778225806451612,0.0,0.0,12.184289527650225,12.184289527650225
8596,11.779569892473118,0.0,0.0,12.194838906851945,12.194838906851945
8597,11.780913978494624,0.0,0.0,12.21030177583991,12.21030177583991
8598,11.782258064516128,0.0,0.0,12.22742672649009,12.22742672649009
8599,11.783602150537634,0.0,0.0,12.244793238284592,12.244793238284592
8600,11.78494623655914,0.0,0.0,12.261885637178965,12.261885637178965
8601,11.786290322580646,0.0,0.0,12.278315469066271,12.278315469066271
8602,11.78763440860215,0.0,0.0,12.289897759792273,12.289897759792273
8603,11.788978494623656,0.0,0.0,12.299824538718688,12.299824538718688
8604,11.790322580645162,0.0,0.0,12.303888384661398,12.303888384661398
8605,11.791666666666666,0.0,0.0,12.302407984416103,12.302407984416103
8606,11.793010752688172,0.0,0.0,12.304349805822971,12.304349805822971
8607,11.794354838709678,0.0,0.0,12.308131576077976,12.308131576077976
8608,11.795698924731182,0.0,0.0,12.312895160306127,12.312895160306127
8609,11.797043010752688,0.0,0.0,12.318323206670435,12.318323206670435
8610,11.798387096774194,0.0,0.0,12.335120706219863,12.335120706219863
8611,11.799731182795698,0.0,0.0,12.35086109706639,12.35086109706639
8612,11.801075268817204,0.0,0.0,12.362966729424596,12.362966729424596
8613,11.80241935483871,0.0,0.0,12.373069724479777,12.373069724479777
8614,11.803763440860216,0.0,0.0,12.381556569760374,12.381556569760374
8615,11.80510752688172,0.0,0.0,12.38857396658833,12.38857396658833
8616,11.806451612903226,0.0,0.0,12.397702421548779,12.397702421548779
8617,11.807795698924732,0.0,0.0,12.409550824106262,12.409550824106262
8618,11.809139784946236,0.0,0.0,12.420967926077536,12.420967926077536
8619,11.810483870967742,0.0,0.0,12.432207341315205,12.432207341315205
8620,11.811827956989248,0.0,0.0,12.44347452789863,12.44347452789863
8621,11.813172043010752,0.0,0.0,12.455285352464054,12.455285352464054
8622,11.814516129032258,80.15976232068306,0.8934248305183867,12.46270303210872,12.46270303210872
8623,11.815860215053764,48.395078035047014,0.5393898776597263,16.488758608218898,4.562775190704959
8624,11.817204301075268,21.12256430048668,0.23542264702307852,11.835059873574673,4.634952470232941
8625,11.818548387096774,15.826841539748216,0.1763988915501368,9.894385648125525,6.751819548999528
8626,11.81989247311828,11.937938413344266,0.13305491801500835,10.167145720880283,7.812464964722951
8627,11.821236559139784,9.319275176329146,0.10386846971498265,10.363353814619028,8.587255040931531
8628,11.82258064516129,11.19326510432946,0.12475512263591883,10.5368587979873,9.150358663773783
8629,11.823924731182796,5.279313886787392,0.05884086950865849,10.879634846883082,9.214326840005086
8630,11.825268817204302,3.647596156535251,0.04065447406037488,10.652102575406756,9.866658506625727
8631,11.826612903225806,3.3898803127154804,0.03778208862133807,10.84226817589952,10.299587284424337
8632,11.827956989247312,3.4859204867232223,0.03885250941228999,11.053937247283514,10.549598720990621
8633,11.829301075268818,14.262689761059312,0.1589655559547842,11.214710043410445,10.696082882901681
8634,11.830645161290322,19.44789392959791,0.2167575206682888,11.860921572533524,9.738951688203535
8635,11.831989247311828,19.515459881161146,0.21751058052121977,11.789976056415316,8.896563528792214
8636,11.833333333333334,19.506772830245872,0.21741375854012865,11.43646824537473,8.533003412273125
8637,11.834677419354838,20.811760923295797,0.23195857169959594,11.239086711379718,8.336914317553921
8638,11.836021505376344,0.0,0.0,11.161908092218113,8.06558259829323
8639,11.83736559139785,0.0,0.0,9.95194938980829,9.95194938980829
8640,11.838709677419354,0.0,0.0,10.621233758865433,10.621233758865433
8641,11.84005376344086,0.0,0.0,10.982342733724927,10.982342733724927
8642,11.841397849462366,0.0,0.0,11.21034282937579,11.21034282937579
8643,11.842741935483872,0.0,0.0,11.368013319294022,11.368013319294022
8644,11.844086021505376,0.0,0.0,11.488800662384698,11.488800662384698
8645,11.845430107526882,0.0,0.0,11.586013079479185,11.586013079479185
8646,11.846774193548388,54.63817195948999,0.6089726080705505,11.666917526973975,11.666917526973975
8647,11.848118279569892,32.886761695525486,0.3665411254162643,14.47834982402425,6.349409394468842
8648,11.849462365591398,9.201034761093485,0.10255061497235342,11.36344830137487,6.470632214077526
8649,11.850806451612904,1.8817117510361132,0.020972716904128295,9.844951011827046,8.47604241220091
8650,11.852150537634408,0.16071044193255338,0.0017912066501858737,10.091844182493379,9.811887474917071
8651,11.853494623655914,0.0,0.0,10.574658160530532,10.550748033928093
8652,11.85483870967742,0.0004826139397373976,5.37899894950713e-06,10.9371176957142,10.9371176957142
8653,11.856182795698924,0.0,0.0,11.166361475522004,11.166289673340016
8654,11.85752688172043,0.0,0.0,11.326726193421209,11.326726193421209
8655,11.858870967741936,0.0,0.0,11.44890320938988,11.44890320938988
8656,11.86021505376344,0.0,0.0,11.546701254871786,11.546701254871786
8657,11.861559139784946,6.1731149031810535,0.06880277556314571,11.627533912917226,11.627533912917226
8658,11.862903225806452,11.675396430127122,0.13012874258647647,12.005536942540871,11.087115232715647
8659,11.864247311827956,13.461550621095231,0.15003641769860235,12.104328060518792,10.36728967383348
8660,11.865591397849462,15.171934423524569,0.16909958997565563,11.90884076812233,9.90606250589459
8661,11.866935483870968,15.887650896155128,0.17707664541777468,11.776870030768167,9.519624835570324
8662,11.868279569892474,0.0,0.0,11.603535356170855,9.23980752508287
8663,11.869623655913978,0.0,0.0,10.631359160274245,10.631359160274245
8664,11.870967741935484,0.0,0.0,11.108840194470572,11.108840194470572
8665,11.87231182795699,0.0,0.0,11.360774426789295,11.360774426789295
8666,11.873655913978494,0.0,0.0,11.516640045024586,11.516640045024586
8667,11.875,0.0,0.0,11.623248962358272,11.623248962358272
8668,11.876344086021506,0.0,0.0,11.706049391310511,11.706049391310511
8669,11.87768817204301,0.0,0.0,11.773257621982296,11.773257621982296
8670,11.879032258064516,48.95973634453977,0.5456833064306497,11.8295666986999,11.8295666986999
8671,11.880376344086022,28.771512631384695,0.32067440137381703,14.33460913716827,7.050493180899049
8672,11.881720430107526,8.290342256809016,0.09240044395463347,11.495639131861001,7.215080250386479
8673,11.883064516129032,4.182332401764287,0.046614404896428784,10.188499577586425,8.95508169537411
8674,11.884408602150538,0.9304796758137026,0.010370709974649745,10.51171905192286,9.889481342803526
8675,11.885752688172044,0.0,0.0,10.752266583222399,10.613831976347015
8676,11.887096774193548,0.0,0.0,11.029730658443231,11.029730658443231
8677,11.888440860215054,0.0,0.0,11.241948628288524,11.241948628288524
8678,11.88978494623656,0.0,0.0,11.387112009125435,11.387112009125435
8679,11.891129032258064,0.0,0.0,11.496817830584954,11.496817830584954
8680,11.89247311827957,0.0,0.0,11.583605954977235,11.583605954977235
8681,11.893817204301076,2.5737801406195415,0.028686201397721524,11.655155149828145,11.655155149828145
8682,11.89516129032258,7.930312257764917,0.08838771073830114,11.864582968739892,11.481661932190919
8683,11.896505376344086,9.468402883708004,0.10553058039038038,12.10463952867638,10.924786074228088
8684,11.897849462365592,11.030624206637958,0.12294239998993493,11.98457878657917,10.575891778130957
8685,11.899193548387096,11.76854092049644,0.13116688938373133,11.910544171526078,10.26943349997848
8686,11.900537634408602,0.0,0.0,11.790757796800735,10.039861588991485
8687,11.901881720430108,0.0,0.0,11.064293459725821,11.064293459725821
8688,11.903225806451612,0.0,0.0,11.414989435328655,11.414989435328655
8689,11.904569892473118,0.0,0.0,11.598081357664629,11.598081357664629
8690,11.905913978494624,0.0,0.0,11.710098192553453,11.710098192553453
8691,11.907258064516128,0.0,0.0,11.785929714610646,11.785929714610646
8692,11.908602150537634,0.0,0.0,11.846898998226397,11.846898998226397
8693,11.90994623655914,0.0,0.0,11.902582355478863,11.902582355478863
8694,11.911290322580646,54.044556813612985,0.6023564393626567,11.952373357039907,11.952373357039907
8695,11.91263440860215,32.32837736724931,0.3603176236316845,14.707577515204896,6.666953769496339
8696,11.913978494623656,10.531118779009752,0.11737513607719506,11.593116083411282,6.783375120675566
8697,11.915322580645162,4.249415739387785,0.04736208575041026,10.161793775296658,8.594998362107992
8698,11.916666666666666,1.068024648638861,0.011903724675259278,10.375948603128993,9.743730390713147
8699,11.918010752688172,0.11341427583828842,0.0012640647531341753,10.69024951943192,10.531351290689583
8700,11.919354838709678,1.7378927969943687,0.019369775217175172,10.99957679167748,10.982703278909993
8701,11.920698924731182,0.0,0.0,11.3164312005646,11.057871543221104
8702,11.922043010752688,0.0,0.0,11.325851657570446,11.325851657570446
8703,11.923387096774194,0.0,0.0,11.475378250167644,11.475378250167644
8704,11.924731182795698,0.0,0.0,11.583846056918688,11.583846056918688
8705,11.926075268817204,8.033591640868721,0.08953881651349568,11.668869252474808,11.668869252474808
8706,11.92741935483871,13.364062605268275,0.1489498599108019,12.154651404359637,10.959432282965633
8707,11.928763440860216,14.82831329843154,0.16526974272360653,12.185344265937081,10.197070044471182
8708,11.93010752688172,17.01793274302011,0.18967426095752035,11.941669132614495,9.73554709099304
8709,11.931451612903226,17.736544899289097,0.1976835903933365,11.820304980726325,9.288416439419384
8710,11.932795698924732,0.0,0.0,11.615478263552152,8.976676273263132
8711,11.934139784946236,0.0,0.0,10.527111061963758,10.527111061963758
8712,11.935483870967742,0.0,0.0,11.054667820704896,11.054667820704896
8713,11.936827956989248,0.0,0.0,11.328600686252186,11.328600686252186
8714,11.938172043010752,0.0,0.0,11.494879656254698,11.494879656254698
8715,11.939516129032258,0.0,0.0,11.606002635335187,11.606002635335187
8716,11.940860215053764,0.0,0.0,11.69204987385729,11.69204987385729
8717,11.942204301075268,0.0,0.0,11.764947977146305,11.764947977146305
8718,11.943548387096774,57.00298026420324,0.6353297029231355,11.82765789106828,11.82765789106828
8719,11.94489247311828,35.81236739821359,0.39914861704817656,14.742925867771877,6.262154746468867
8720,11.946236559139784,25.448715656292713,0.2836399936064604,11.553250977947144,6.225170063430623
8721,11.94758064516129,21.12256430048668,0.23542264702307852,10.618783035169969,6.832582176691825
8722,11.948924731182796,19.826745872291767,0.22098003484365186,10.446424482038275,7.303858382912278
8723,11.950268817204302,16.653559218518378,0.18561311675064252,10.492009173049144,7.5422319325644365
8724,11.951612903225806,19.1974172948742,0.21396582021349456,10.373958989160892,7.896281095255877
8725,11.952956989247312,22.112405490888083,0.24645497386851764,10.597438019290834,7.741290824120182
8726,11.954301075268818,23.493163972476776,0.2618442898630575,10.677825649906705,7.387993275520639
8727,11.955645161290322,23.725301277490466,0.2644315883577705,10.584335943508169,7.089077526450697
8728,11.956989247311828,23.84643737636455,0.2657817170940967,10.431570361280421,6.901775094686092
8729,11.958333333333334,25.11136851241627,0.27988007334075493,10.310826766442405,6.76300915216876
8730,11.959677419354838,0.0,0.0,10.281688083037425,6.545676949769806
8731,11.961021505376344,0.0,0.0,8.896366501110853,8.896366501110853
8732,11.96236559139785,0.0,0.0,9.767022744680471,9.767022744680471
8733,11.963709677419354,0.0,0.0,10.263710708337094,10.263710708337094
8734,11.96505376344086,0.0,0.0,10.580860002824398,10.580860002824398
8735,11.966397849462366,0.0,0.0,10.802763408445898,10.802763408445898
8736,11.967741935483872,0.0,0.0,10.975217818692458,10.975217818692458
8737,11.969086021505376,0.0,0.0,11.114055526323495,11.114055526323495
8738,11.970430107526882,0.0,0.0,11.229593133697447,11.229593133697447
8739,11.971774193548388,0.0,0.0,11.329345757066376,11.329345757066376
8740,11.973118279569892,0.0,0.0,11.418479339275553,11.418479339275553
8741,11.974462365591398,0.0,0.0,11.500082583670801,11.500082583670801
8742,11.975806451612904,0.0,0.0,11.574758236537562,11.574758236537562
8743,11.977150537634408,0.0,0.0,11.643424534307652,11.643424534307652
8744,11.978494623655914,0.0,0.0,11.701491026221685,11.701491026221685
8745,11.97983870967742,0.0,0.0,11.747906807439842,11.747906807439842
8746,11.981182795698924,0.0,0.0,11.78776117147971,11.78776117147971
8747,11.98252688172043,0.0,0.0,11.823609870593666,11.823609870593666
8748,11.983870967741936,0.0,0.0,11.850182852544453,11.850182852544453
8749,11.98521505376344,0.0,0.0,11.86863694560169,11.86863694560169
8750,11.986559139784946,0.0,0.0,11.891328786327605,11.891328786327605
8751,11.987903225806452,0.0,0.0,11.916488583933333,11.916488583933333
8752,11.989247311827956,0.0,0.0,11.94140625912667,11.94140625912667
8753,11.990591397849462,0.0,0.0,11.965460436864248,11.965460436864248
8754,11.991935483870968,0.0,0.0,12.001783044118863,12.001783044118863
8755,11.993279569892474,0.0,0.0,12.035301372150899,12.035301372150899
8756,11.994623655913978,0.0,0.0,12.06059810995151,12.06059810995151
8757,11.995967741935484,0.0,0.0,12.081530466275833,12.081530466275833
8758,11.99731182795699,0.0,0.0,12.100220225461332,12.100220225461332
8759,11.998655913978494,0.0,0.0,12.116585506977492,12.116585506977492
8760,12.0,0.0,0.0,12.116585506977492,12.116585506977492
8760,12.0,0,0.0,12.130599855643956,12.130599855643956
